-2.3609043322056964,3.8692668449678234,-9.8414486533830186,-4.1435695724480661,-7.5136202163293611,-8.8256761434106412,-6.8322904942326259,-2.1496167149425567,-4.0079739210549539,1.1288290444364719,0.0
-1.0376991752013023,2.8082595716887062,-6.0741385817310682,7.8375975979346988,-10.608039787140765,4.5216988561546856,0.76768535128017046,0.49977926170855314,-6.2728140436771085,-6.3476496987221402,1.0
-3.6572638912713087,4.1530903647083521,-4.7068274791108422,5.6192493155159857,-11.0171769040141,4.3615323303084566,-0.51856472453842506,-0.098979068550121285,-8.1798819407993868,-5.3785514115667441,1.0
-0.80154845385743856,3.0476930277412322,-11.035001673008086,-4.8778897589392525,-8.8142876053869603,-6.8273054211355628,-6.3111744162106769,-1.188006139415219,-3.4889841905676029,2.0705169933263132,0.0
-1.4349406224552841,2.9128562424556073,-3.9187502696921923,7.7032360309300794,-8.6598073674777609,2.1422429030658416,-3.4046615374476206,1.861062774098688,-6.6763745091394071,-6.7985749752156472,1.0
-0.20303251947574252,4.7231271045471193,-12.66183844291524,-4.3797771649967272,-6.6710944524084201,-8.3813687953245015,-5.6944656598433534,-4.0620530443882847,-1.8894827861685326,0.72285098733198261,0.0
-2.3612084381124832,3.9991201836687771,-10.986676960744639,-4.903212406850864,-8.3886275948862927,-7.9368951470035709,-7.5889968049734042,-3.3305873244619173,-2.073852059630001,1.4429453654732494,0.0
-2.2055393831852115,4.1446245123154144,-5.0150335241986976,6.4555698579374532,-10.414910700421471,2.1573927711607173,-0.50629727805068847,0.65906164684671242,-7.2936420092960397,-6.370180897712844,1.0
-1.9658913739654005,3.9729171763535649,-6.066004826671314,9.6749708471252447,-9.1961686985895117,3.2025888695096745,-1.1713060011333027,0.068364215687304775,-6.7715060282422481,-4.4211759907789929,1.0
-2.5798641058446372,5.1509186503237343,-7.099379610401809,8.4306891089791041,-9.3982111796970003,2.5958783986718266,-1.8154080672064288,-0.67670256386598271,-6.9172886586548206,-5.3095056117322663,1.0
-1.7178188256952529,1.9050908783838041,-6.8769102136021418,7.8810412705993729,-9.8905120850623067,3.3885969419696207,-2.4412174946257723,1.4207193000537905,-7.6505632661000789,-7.5906760930741761,1.0
-2.9770894858386603,3.3573800588236047,-5.2443650863410625,6.0265965190270165,-9.3669651538623295,3.6226794729656984,-0.73014798359349509,-1.2800953614162336,-7.0472739010942176,-4.0198483659620612,1.0
-1.1300945815958103,4.544191078840548,-9.919891375740395,-3.3349682853646803,-6.8323876244790007,-7.4706766977595596,-6.5849125459646425,-5.523623223246183,-1.0258259135271872,2.9633143270413966,0.0
-1.7077849115681591,3.6354649884384092,-5.1581935400628014,7.3466974616098177,-9.9506760371269554,3.1046065977565829,-1.8164011536808256,0.68732521684681558,-7.1039789174300356,-6.5295688451789786,1.0
-3.2970094989568612,8.3650925728811245,-9.3490688595624345,-3.846005253539615,-8.463695002324215,-8.0714602858184286,-6.7347386032872691,-2.4444317931087225,-1.692980224174736,2.6293441651365179,0.0
-2.9702144715739136,3.9057882936556538,-11.147435291794244,-3.5277259677521675,-7.6914896282547911,-7.3811084271833458,-5.7974933760546978,-3.3288550258918357,-1.9840901447845132,1.6937544464693794,0.0
-1.434368682104574,3.8567642152540946,-5.4144499670113717,7.6383260182416297,-7.9148683283104786,4.9851336494302085,-0.49489331379450396,0.017996297427498309,-6.8286833421048803,-6.9041728990033668,1.0
-2.7310772161296066,2.4024309819192275,-4.9477619082292286,5.5992736598703079,-9.3388998808681851,3.0846079395270762,-2.0269241449725164,-0.15850872460139476,-9.2281636631023147,-6.6988786943624978,1.0
-1.4850175122591329,4.0534736921498444,-5.5068869002219323,8.0747828746245869,-8.3318863364663418,4.2698046513466386,-1.1669935991836768,0.40945694264543619,-6.9059301256261172,-6.595804172708279,1.0
-2.9165834948600837,4.2055463989327926,-6.3862102787342732,7.2557143471163039,-9.4781642346996353,1.4551583878425938,-1.4676802071392463,1.1699666258485562,-7.2374676978056423,-5.6951239077071421,1.0
-1.5101899478336323,4.9885772563265043,-9.1678181262219898,-3.1255571190709732,-6.5181519177413128,-8.6306097668567059,-5.6107162249192095,-4.400109841148538,-1.0605574107851103,1.6493405173826701,0.0
0.21274335632680685,5.1743079978340241,-11.266571462826901,-2.1945891972793703,-7.2921346930180837,-8.8807042143438455,-7.2985950887727808,-2.521020719483392,-0.56012864872192969,0.19790770753549347,0.0
-2.0611047146500208,2.4881189853530512,-6.359278112092233,8.2550376394534215,-8.0263061085439258,4.867688540320537,-2.2272646819145883,1.0565488917854746,-8.0516325450132005,-5.0079677297357144,1.0
-3.1706365138587222,3.5350678032482037,-10.862542445118688,-3.3445994650215023,-6.5032440871343331,-6.6384777221417934,-5.6268709601336644,-4.4404348444567194,-3.4738597918587928,1.9070600345962698,0.0
-2.9915115724657677,2.6458013084443781,-11.648433769477201,-4.8439041315262532,-8.1839975822174669,-6.1971492009204034,-6.6012952705247665,-4.4314612485164808,-0.95026753860680935,0.18981074124554642,0.0
-3.2642626305417073,2.3411134508900533,-6.5468017039533599,7.8138221722901093,-9.7733961160947711,3.4424141092975042,-1.6063693304923596,1.4070762959710754,-8.2267242092952735,-6.3773299888836963,1.0
-1.9114121031986029,3.0800002210663737,-9.6895083698167017,-2.8378591732683969,-6.0566865727474761,-11.169260089833344,-7.8944414662672386,-1.0836449335924532,-2.2522768644978273,0.62739345092266363,0.0
-0.20813064535758419,3.7884530211615828,-12.034913729333896,-5.8959377288396606,-9.571322836333799,-10.267392026540872,-6.6864349356350647,-1.8102573762973229,-2.5068797948997741,1.0998620336685709,0.0
-2.1669853615376962,3.386923837343808,-6.7496324131441865,6.3532482691773886,-11.018022980955319,3.2014703657654699,-0.82108520913575023,1.790577132495677,-6.5159797174594498,-5.1258833601513993,1.0
-1.0384973761623917,3.9846191636508572,-4.8176483723523207,6.8161244524056182,-8.545986722622871,4.8759749438407587,-1.7964942444871057,1.4397267132832852,-6.9670717937956734,-5.5022996289326054,1.0
-2.9997883135020227,2.837434789503043,-6.0446488776089957,8.3471379188792252,-9.2024556620925768,2.2518333658434835,-2.5736779231819349,2.8682565887129714,-6.8759919467049313,-6.6564114407162727,1.0
-1.4695776391690307,3.9562497111886938,-4.3066310622533095,7.295858166912816,-10.91058407540544,4.3607320160479901,0.18196559288246839,1.3610852630546904,-6.3527270053091094,-6.6935869054487709,1.0
-2.2214362522173783,4.7274609521119269,-7.8297754336029453,-3.2053852180253726,-6.7910550929911695,-8.323311667309893,-7.5972387437888322,-2.4859224568517004,-2.4137442119698331,1.0153793856975839,0.0
-2.0784978036266426,3.9273049537157556,-11.949817790898333,-5.3556776928163412,-6.6137592449231404,-8.8481490058092831,-5.7593819706633411,-4.2036565115049811,-2.8319603417183359,1.4509053870231425,0.0
-1.0695204417876893,3.7271060858459273,-10.94862175470387,-4.6576988788866638,-7.1107488697275061,-8.3719615635917535,-4.7355887627915196,-4.237489688775991,-3.1549888478414161,2.4765228267126647,0.0
-0.57986693617340435,2.5486740538193056,-5.3800337925830721,8.9896781147557441,-10.101841684200576,2.8202700522847293,-0.98187538467548874,2.070118215783904,-6.8505360067718559,-7.6193382234933278,1.0
-1.9386576274918097,6.0293389547971623,-9.9843598273059246,-4.6480421426504313,-6.4430786793521664,-8.7530326356948915,-5.1513836104246469,-2.7835184188950342,-0.6758711190163329,0.11499043691412025,0.0
-4.0730629071223072,2.6289234930371741,-10.775571330280513,-2.8375074394390358,-6.7546098958739718,-10.247475920846856,-6.5035616013167452,-1.4754240845759292,-2.439455202689254,0.02636506279147266,0.0
-1.1710417594110225,4.3309181558221059,-8.8660831162016738,-2.4335317309410058,-4.8793067771245777,-9.5497244401121826,-7.7189095778761718,-3.593251322085496,-1.9046134459387707,1.6525036011833638,0.0
-0.092873704852375338,4.1687417706977978,-9.4389095154679907,-5.4582398311427172,-9.0088039419895267,-9.327251781166888,-6.6319832980495983,-3.6101618445470827,-2.2947645788378686,0.28532024736802869,0.0
-0.68828985899452233,5.6686694651908986,-5.1842750393341692,7.1903887869801526,-10.545552044810476,3.6338009382618144,-2.6889421229282151,-0.26494870417544236,-7.6541107330363705,-7.8162883434340955,1.0
-0.49422446480931215,4.6031351638100659,-10.63030264604267,-4.1631954958901236,-5.1677214962718576,-9.5346192577459146,-4.9735709347174213,-3.4011775743304811,-2.3358792305068627,2.6392477698406105,0.0
-1.3049578538356916,4.1941165833525416,-11.772308491877935,-4.265578208741017,-7.7755379543385219,-7.0220995041990832,-6.8960475428768273,-2.0381708102717724,-1.6048688151764174,0.57000376802225905,0.0
-0.55798097761769827,3.6833306218513551,-5.9432929176097291,7.9931263605807139,-9.4830494481027845,4.9882641085096022,-2.7961002535690236,1.8592130166006147,-7.778921024535312,-5.1769239758963526,1.0
-1.4507278119704476,4.9488490699641199,-5.5363788934137501,9.0136838435794449,-8.3798862654765749,3.7683667474422862,-2.8962044643243168,1.691068879884964,-6.8714992474397265,-4.1193506919013174,1.0
-3.0648619856056758,3.663013132724164,-6.8237651021204115,8.697490113605447,-9.4899573302419036,3.4546127722887552,-0.87869783406439972,0.75567264699823611,-7.4488560865057529,-4.8732990560034892,1.0
-1.4508991254048502,4.6806863060164581,-6.6069826766658064,9.4994803084432178,-8.103020457778765,2.1342363388978809,-0.64481368998530986,1.2857692564115617,-7.7439414719063357,-6.3546018608878843,1.0
-0.26547886344808957,3.817710261674641,-9.8115008051834973,-3.0950625464809969,-6.7470243045554827,-8.5798953886624982,-5.9674647053995242,-3.0207534244706324,-1.0689465739760968,0.14787212731234822,0.0
-1.2892966499565772,3.3658642827936069,-6.4925778556347291,6.4059731355247509,-8.7777199167020736,2.8187048247995388,-0.57638397045686629,1.145751149992712,-7.1953534660528806,-7.1358429275337443,1.0
-2.4635622497838163,4.4892946553225634,-4.2776787957906137,7.8210912221311721,-10.075528129752993,2.8889891764313491,-2.766218242863868,1.9049419384735968,-8.2551899904676755,-6.2926032837680266,1.0
-2.0336075346682687,3.836172308452714,-7.9438484573694499,7.1140270721939531,-11.256191761357378,3.6790490503778148,-1.2992434662615402,0.37773131941970473,-6.3909536196378918,-5.6421396671662771,1.0
-0.3683710030976437,4.2900457205714977,-12.275010500313467,-4.0229730868183333,-6.7110117567748979,-8.3401831211567945,-6.4280319342136742,-5.5212939717861573,-1.5566661787712222,0.45230235104713229,0.0
-0.01011619036862621,3.4664365915706621,-6.7561504344338932,8.8725079592103686,-8.0946816580785104,3.3191808864786116,-2.1382060693239739,2.0838712078506685,-8.0863981962587186,-5.1027786765096224,1.0
-3.8866725377985341,2.707156264120866,-10.273558566214245,-2.7243929617125073,-5.7551762779750852,-9.3082107395534095,-6.4524279684301336,-4.5992418342266133,-1.0534434516116928,-0.70022798045304135,0.0
-1.3090139272844121,3.09420645760573,-10.036408012919152,-5.5691209020664996,-5.9434644754220747,-7.7443275666872173,-6.2994127283223609,-3.8639470783082044,-0.79089458522782463,2.7434364293218736,0.0
-0.80777026843320354,6.0410923702125761,-9.7185570500184379,-2.3127948988079359,-6.6540092456586679,-7.9618641894851248,-6.4462369599241161,-2.9018484133670492,-2.3195034626304905,0.63542392767698064,0.0
-2.3636359805137048,3.1177095682377343,-5.5357195542670752,7.5404019639876347,-9.8583190372369636,2.7209426603994515,-1.0634100864571547,2.2511731365414152,-8.1443452997441437,-7.1744033196201205,1.0
-1.0827422555071471,3.522684812448909,-3.7022933753885421,7.238016912202073,-8.6583177268986624,4.0167163561857366,-2.7378640895421071,-0.98647284413426739,-6.6131740123452882,-5.1934517787255423,1.0
-1.3439249587069142,2.3842886530191585,-10.303916516281474,-3.1253739047559583,-6.8347874482933548,-7.3912169243120198,-6.4971239150569415,-3.2895435280690419,-1.8780891243983169,1.1863863272753952,0.0
-1.7695513961121263,4.4150388142791863,-10.165911343397818,-4.1275288916711954,-6.6037180836807217,-9.3292107760653593,-5.2646685951118579,-2.1687675258912815,-2.2597078562625024,1.5817281042993203,0.0
-1.368771959479814,3.9684353613555379,-9.8236580374913736,-3.7754029894015941,-7.3260841031142503,-7.2899647056866304,-7.1978737295309116,-3.2189806673407202,-1.5595967630945036,0.50933050072522423,0.0
-3.8302709650255897,3.7909982294174065,-9.0328243667834762,-1.5290419280986898,-4.9145283760648439,-7.2113619293819191,-4.9014633173204718,-3.6162049161060454,-1.2901159918576217,-0.46083002086423996,0.0
-1.9424234575833641,4.1401629845244416,-8.928740881451839,-3.9129771163403655,-7.2218758561510565,-9.4884308276392364,-6.3812558940021225,-5.8797818658328911,-2.5207680705352864,-0.20355557159466175,0.0
-2.0627363623858725,3.5014815033515054,-5.7510532620902453,7.3397363183710684,-8.7626553191236205,3.161552697460511,-0.56995197445774948,1.16070115756986,-7.7869374858149039,-7.2893609751714337,1.0
-2.5368414248667079,3.5387026459702358,-11.43858852794494,-2.7210954765347686,-7.3190620512651066,-6.7533841621430586,-7.0567074551333828,-3.5262944419676256,-1.9692254281953436,1.6977847487266504,0.0
-2.5488908199230349,4.5277448225467403,-11.534741370592663,-3.449442328173502,-5.7451562716858131,-7.2392772897449289,-4.1609720133271386,-2.7642319432099711,-1.5592870738740472,1.2911995179229829,0.0
-1.6246163165847796,5.8604074504519792,-9.3360314271871196,-2.9669963671511406,-7.5310370404836666,-6.7682367609754062,-7.3477600511582271,-2.5936268479387281,-3.0167126160928603,0.25818912766838409,0.0
-1.9908430758811479,4.7930290139762528,-10.849168160183929,-2.9524671236829034,-7.4497144324905289,-6.695119866014525,-6.8070297933447597,-1.970652062421349,-1.3902544105657324,0.053942774652988024,0.0
-3.2122586891253553,4.9849542890994032,-10.958976102683611,-5.4116730077563586,-6.5705405326753601,-9.6474218698987286,-6.7214949759237026,-2.8844080642178818,-1.4524179922585483,1.5212192165077907,0.0
-1.9185427593490518,4.5957830664018191,-10.561501238235405,-3.8636621400406144,-7.6660389843071224,-7.5971545945466596,-4.5809866591585013,-2.8919156798887533,-1.8947812600390295,-0.38767329109406323,0.0
-1.5173085334222018,4.9199953488317085,-9.625255652141659,-4.1018383504225984,-7.2482823809777628,-7.0522279019555629,-5.4947686371079527,-3.7182270631928249,-3.1780866183595915,0.70892465512028457,0.0
-1.6498392329347553,3.6200957408295649,-6.5612993356399993,7.6368669703490184,-8.6562303205676407,4.5130982270296016,-1.3111305416366124,1.2957747578556817,-6.8370885502915861,-5.5126100102933862,1.0
-1.1268905181776119,2.5875577506989402,-4.3890892387021534,7.7647960847328861,-12.243692173963309,5.4149117794560251,-1.2011903304210969,2.7273617904771403,-7.3691977853206962,-8.3005855446480279,1.0
-1.7303279720654805,3.5146228414914735,-4.651821475769891,6.8103712936079663,-9.7353010039629311,2.1166128009435372,-1.5571645980607236,2.2432975699488233,-6.5108593179617182,-5.303958408383517,1.0
-1.7700069323658358,3.7891278051308008,-9.4349514070340756,-3.7126114551254723,-6.7842171065350998,-8.2263408083713223,-5.1144572024528125,-2.7192927427633209,-0.1599918070456201,1.8873913786276435,0.0
-1.4612601858217498,4.5254985146506206,-10.668374789942131,-3.5757847610422853,-6.9430609126663017,-7.0237441967121255,-5.0758778925450754,-2.9036290416551007,-2.4399354654767156,0.13760427261291652,0.0
-1.7229033484034901,2.9791861622714255,-6.0490296617157391,7.8123914165676078,-9.0991324789713612,2.9083733299520125,-1.8637083296446417,1.68991345338168,-7.85158767909203,-6.5935273337598339,1.0
-0.31753809016012657,1.8081120775107984,-6.8691678211419323,6.6793269974520486,-8.9770707432723142,3.6631250110790465,-1.7986970671340585,1.0015715800778902,-6.7941894402145708,-6.8334091530444114,1.0
-0.02059830279455932,3.0809986031481755,-9.0940030704351447,-4.5175124779085873,-6.5576305991183661,-8.26979552868079,-5.971206013377806,-3.8895724987058116,-4.2252785196862686,1.1829903294156772,0.0
-3.6460547811193926,4.312336594024325,-6.2650638889293413,7.7149302179404025,-8.950973287000636,2.6229474328726816,-0.63690826698489045,1.2869071507890624,-5.6952659804340513,-5.8690325504461525,1.0
-1.4048760507740647,5.752044845078748,-6.0473275151261499,6.1930683226055834,-8.1796248047469824,2.410783788778839,-1.0963713112801392,0.73114115924488043,-7.1111780222973984,-2.6053067865068655,1.0
-3.296784184705416,1.8926362932160519,-7.0482594166437638,6.7592760616654299,-8.1373073485234499,3.391092668393997,-1.3628994102870691,2.2486963174601371,-7.8900711282220541,-6.6162959353222099,1.0
-1.6311104444319195,3.5961572390141261,-5.3297167336487421,6.3716974942580311,-10.106072659354741,3.7688112692193316,-0.95525597507304871,-1.1428207415031886,-7.7943318504505816,-6.2915906078964028,1.0
0.44707572685023633,4.9790584851125654,-6.4955658426510849,6.9047525880094103,-9.822724990408485,2.360296837324412,-1.624688161390953,0.16810724831644919,-8.06750061524024,-5.7171514464932196,1.0
-0.61952145141403947,4.979755317368201,-10.106610970491143,-3.0157937044954584,-6.7555643814530768,-5.2359193417509369,-5.1761072713994629,-1.9355728377643224,-0.77365714375811234,0.85617429132342526,0.0
-0.34666449441879132,4.429846896412819,-10.828885906838504,-4.5173350057733614,-6.5369316293251991,-9.7143479952827327,-6.0664428509923303,-3.8171355445864172,-1.346434132824748,0.030160969409791738,0.0
-2.0339803297160102,2.8075104215190727,-6.9812432969657312,7.4485671635051585,-10.710598053324459,2.7755581498713582,-2.0846736920497286,2.1180812981143227,-7.6651367871248768,-7.445034328799947,1.0
-1.5418590298307171,2.651163034429179,-5.9115680104446122,7.9691084535690715,-8.289790749084478,2.945056101223368,-1.5741819909071839,0.1770567976095897,-7.653243601170634,-4.8696320519520135,1.0
-0.5126595295490366,4.3567872896844859,-9.5310692364242602,-2.9196616794237036,-6.2560378233920568,-6.3634734214177735,-5.8235117564064112,-4.7728454450072819,-3.2248206203688774,2.1264414987488651,0.0
-1.9751303191536107,1.2194945993802246,-6.3866050826268879,6.9931841720733665,-10.845805103013804,2.5348096828785502,-1.4070506815717885,1.515185615990408,-6.8673926758570394,-6.6139224144559972,1.0
-2.0794476797704355,4.0013473756925002,-7.3115494520383013,9.1119575810301701,-10.522265040170586,4.0233017676478662,-2.9430339921323805,1.2835795150273848,-7.2027874035163393,-6.4262111252916316,1.0
-2.4437936692071074,4.6682946053771488,-7.335815907024017,6.6589060014594113,-10.829131177047348,2.9927911436941428,-2.4113549860606192,0.81115065014760901,-7.1874933963190113,-5.4837176783936634,1.0
-2.0692146633120378,2.9634266653288317,-5.7748505414841773,8.6352798258157009,-7.2364048001935579,4.2358267606364786,-2.6152677552189143,-0.25321905979659332,-5.8854306423278757,-5.7212552267637502,1.0
-2.6527655794959069,4.2496175989200351,-4.4190576444743934,7.5923602539905835,-9.2358138716922085,2.5859062993746851,-1.6838398294927099,0.46485985527445772,-7.3524993438850128,-5.3156900946677084,1.0
-1.6958411945022218,3.5740945211544721,-8.0738970776821759,-4.5593298679018019,-5.2612932021712417,-8.6057530779080711,-5.113510079104775,-2.0188199201889114,-3.1101847627634958,1.1316191870733685,0.0
-3.5283479979038512,2.3028938198250777,-4.313318042523937,8.1360020720728716,-8.8216064635159821,4.5675370563085629,-3.6722590043522665,2.6129319714489667,-8.3587253772265662,-7.0207091883545703,1.0
-2.7576430513695511,5.1651269318646102,-9.9650970204964242,-5.2309848824444396,-6.406345312097943,-7.1543264556307644,-5.6069162110822468,-3.1190822385778567,-2.9006999954389858,0.88392961823565397,0.0
-1.9485572489583354,4.014673629035113,-9.3137111754711484,-4.3067585302302192,-8.852795074857454,-7.791380788784477,-6.6992885630175101,-3.8203164408693779,-3.6303886660425064,1.7901571470388444,0.0
-2.6571807477865721,3.2667897808103779,-8.501307192292888,-2.2826193256522802,-7.4133533237770362,-7.6155230171831576,-6.2777012227221238,-3.1494157614182869,-1.1006278831691829,1.2172906807475825,0.0
-0.56306733591143066,4.3296081949024989,-5.1526955732204511,7.9660728048965233,-10.427636681412618,3.935445303235273,-0.70801757783335606,0.28188691369632479,-6.9562712470631265,-4.9551571467313105,1.0
-2.1819163710842147,4.0372339670141937,-9.7320701011388167,-4.2138146062285848,-6.6197854733131667,-8.0551158584020541,-5.214468263289775,-4.7999531187635371,-0.40752587734367562,2.1940086930664995,0.0
-2.3960478359263462,2.9475527674123327,-5.7152090863148466,7.4038763111588963,-8.6750393409302546,2.6202093967519766,-0.74064510006343165,2.1163097119289729,-7.4547289301635988,-6.66050767191145,1.0
-1.9143483613302317,4.0984634596754885,-5.2612103147442015,7.2141929121927939,-8.7836847400293294,3.1217745770637277,-0.96908449581550193,2.3512509628053393,-7.0271761443151046,-5.8048575819357371,1.0
-2.499881030507447,4.0032250270036265,-5.1438419089248297,5.8690000197468031,-7.8133592053226106,2.3643520144998305,-1.9889580102940279,1.5544687465531501,-7.424864112176321,-5.2350335511859631,1.0
-1.038477205109511,5.3626115729678583,-10.703553011055385,-2.7606624796085111,-7.3028241194099213,-6.9979402185358195,-5.836629425155345,-1.9664571374819524,-3.0616703109162837,0.66954069328791377,0.0
-3.7810372813403066,5.6162195199764069,-6.2143061201467189,6.1281350108297996,-9.3407182575016616,2.1381824804786422,-1.5875112528117699,1.714398801006072,-8.5111580555285435,-5.1925437891785444,1.0
-1.2974850166141019,3.4310128695395714,-4.4345410125249547,5.4588559460170805,-9.9850800971620295,3.1042962096199989,-3.1843246877627429,0.37909391715612628,-9.3643839385603389,-5.847582981027788,1.0
-1.8959968577615063,5.1343033688428106,-9.4826388900137353,-6.7358830150161273,-6.4802355731803125,-7.8289538611756235,-6.2529329358200298,-3.5574592754169361,-1.211369293430979,0.36330537035610672,0.0
-1.8100642315989712,5.3219891369057342,-10.43591277099177,-3.7678129263966493,-6.6704541536456263,-7.4277055463704862,-4.7789110065621063,-2.4133316499348325,-1.4654372799273427,-0.69390240895417432,0.0
-3.2387161913429852,3.5778618899867558,-9.4688327580679275,-6.1904350584756749,-8.1725946859422915,-8.1709464225341879,-7.9941902470661059,-3.0316644630569525,-2.8641980060783609,0.48474008456630618,0.0
-1.8391722005998774,4.9082149781883269,-10.59105625789552,-3.4430409506179487,-7.9806740327264176,-8.5604801476440109,-5.2898441007273718,-2.0175330312931541,-3.1618048756419634,1.6149694272955162,0.0
-1.7519922244901056,4.1686146033863292,-10.753375268755066,-2.1019106527896949,-6.855785507082218,-6.5982121102909561,-6.8439444259585525,-4.150582220449893,-1.9324027364668166,0.21309807594968233,0.0
-2.6162254318807876,4.2513882375806489,-6.0071426986086625,7.6210911584299881,-8.8012336303998335,3.9311950400153735,-2.0097362564262515,4.0681827605419425,-4.0572138880074178,-5.5976571091851985,1.0
-1.3225376246858476,3.3429861474000506,-5.438162001684911,8.6165557634546737,-10.112691326801629,2.5925057777078537,-0.46489319559907005,-1.1446319087723724,-9.8095513224832587,-7.8526973058696878,1.0
-1.9279312100690962,4.2748142425561433,-8.9791600288852198,-2.72279034740848,-8.2459853564295624,-8.6131582090586267,-7.0655957262217504,-1.8650632471789355,-2.1240184179351003,2.2253240842253748,0.0
-2.039077421482399,3.3916861779844902,-9.5617263073566914,-4.6408359404233792,-9.7632439253237848,-9.3665662304527491,-6.2025438732906979,-2.0789981241914859,-3.6215920732516329,0.1638925517827946,0.0
-2.5392897075607443,6.5597233381061137,-9.0091344192445018,-4.1961749688373882,-7.9677139261615206,-7.5717188213825892,-5.4172482188561881,-2.950900591229217,-1.8785759982732477,0.58821784663617227,0.0
-3.5175417703952716,5.6426538992959818,-8.3700617505041954,-3.6153368507887289,-8.2641502159929239,-7.2898827870800229,-6.4557160745247328,-3.6927060869323021,-3.294708651053563,1.3268721760433544,0.0
-0.95499524846142847,2.107175763677434,-5.4499390416264655,8.8788551305276577,-9.1558784642615496,3.4093577157892914,-1.6881147527500695,0.89229724836434909,-6.6120835833827272,-6.9014968148204714,1.0
-1.7284087953214442,4.5085128589556636,-6.6565990550398846,7.6103994344853714,-10.150818798091329,1.0803090811410385,-1.3189888088904009,2.8762266158229757,-7.5643259091052837,-5.9536728273921335,1.0
-1.5194500246437668,2.9873410916986747,-10.314613700181448,-3.3123626809796982,-5.8450078046271177,-9.2870201400176224,-6.465344070108034,-2.8554463328789228,-1.62965219112376,1.6867582830702228,0.0
1.3712972064235109,5.2310744938766192,-9.3431323510664015,-4.0045369949708691,-7.7904793027921659,-9.0209967822476358,-6.410773098547172,-3.8860552446321743,-1.781974803138181,-0.049762751780181302,0.0
-2.9300206823339989,4.6894854026541628,-9.8896816863407562,-3.9239309283924388,-7.1996753129534623,-7.1040098138714773,-5.3085749098682413,-2.3628686066182234,1.2564282407837633,0.17610934968982406,0.0
-0.98694015782704059,6.8353668383661406,-8.9920258233418853,-3.5997813313605755,-6.4501559078302906,-8.5022122955395982,-7.252568773979549,-2.9168283269714537,-1.5740894715769624,-0.61894834499818807,0.0
-2.2373170507251792,3.38815068030297,-4.956962775151303,6.7992061267362311,-8.2952932514434501,3.9498833648126559,-3.227977377791194,1.2743899865947594,-8.6512431870823026,-5.0854223998709296,1.0
-1.2181954623799376,4.3063346355596615,-10.134157247549135,-4.0724027351380148,-7.0474727753577344,-9.2752468333709324,-6.7918902303668105,-4.0858122867893076,-1.8158513539988308,0.47969352769627616,0.0
-2.063582984663741,3.8929729203128969,-5.3500369469563047,6.6406896733051131,-8.8048730201900689,4.796175797509088,-1.164387334515673,1.4125924264379841,-7.6403730341888396,-6.6487652211508372,1.0
-3.0553040709781762,2.8107798665957917,-5.3292157164000988,6.9857418411980303,-9.5339504044508079,1.4126046646499979,-1.217722436756596,2.3822391730965613,-8.4066345915717662,-6.3814702439027648,1.0
1.052389967946636,3.3083412362859428,-8.6887801693716007,-3.2202759868207584,-6.4127025478427102,-8.3847129349948748,-6.085597020621484,-1.8648494502221473,-2.3655812315860008,1.0276443121534165,0.0
-1.8735476875100479,5.5524172229774837,-7.7674383558514224,-4.5021093765155902,-6.4959780931550224,-6.2244277992699271,-5.1957387174958525,-3.775617084917434,-2.4953311424605502,0.17836613756690056,0.0
-1.3300699391870423,4.1139109334832531,-9.1821121439422235,-4.2353544497741655,-7.0149596955898819,-7.9337506108486089,-7.4759514277000321,-3.3878804259001889,-2.3772535290516732,0.87753776656545834,0.0
-0.96713610591405419,3.1185462605615752,-3.8564802433843428,6.9707824775521807,-9.8319370914917226,3.0383186856732367,0.047331012685616125,1.3213990049018409,-6.107842664662444,-6.1480671766210859,1.0
-1.3160584529847665,3.1409170973617035,-5.4925930887360526,8.2917918015998939,-7.54017938950438,3.2790082712860378,-0.37410378102681796,0.72204062731994534,-7.701929968709071,-5.61419678810792,1.0
-2.2265729553765219,2.6482178715293818,-6.7186773720647146,8.7957736371181703,-9.4746075080643237,2.0088802264436438,-0.78132496292573494,1.4838991650467339,-7.4833933988896622,-5.430254969830135,1.0
-1.5342595033367694,4.1991522565291959,-6.3349047566097774,8.3588795264719984,-9.5223122520375405,2.7366076732638813,-1.5594885454112566,-0.28289372511303212,-9.0281602693861842,-5.6989450886918549,1.0
-1.9353905706824235,3.5157236690300717,-6.0678900723524754,8.6591968756750486,-7.8161330138815233,3.8364087407422232,-1.9022097858443836,2.576298095200674,-6.7540198350777914,-6.4590671033682385,1.0
-2.0411806876896907,5.3627893477431163,-7.0920179031074486,8.3004024131782099,-8.1217420208466198,3.3992604352115161,-0.66539331043832006,2.2152362032921764,-5.6225057181831302,-6.4058024196683112,1.0
-1.0768558892069762,2.4999125713602917,-4.4991443989908637,8.5663451311415812,-9.3484404549528044,3.5590377323407623,-0.31766723465395241,2.8319688231715783,-6.5796027413898255,-7.2005916526884484,1.0
-0.019906232625089837,3.3594158875309228,-6.1750939482580192,6.8016865623176805,-10.981846115416142,3.7821106859563325,-1.1812136355973337,1.7782436494277913,-7.1661292485647081,-5.5087589140382853,1.0
-2.1168200775276311,2.681027806448343,-5.9002425787419188,8.1064728114064604,-9.3735560862007894,2.2159815132051168,-3.1799391406400632,0.41171176366990181,-7.9698995854712713,-5.2536970511953403,1.0
-2.5730033156032928,3.7825847161744992,-9.7358370247127617,-4.5403775525180086,-6.1886823210073807,-8.029972641051252,-6.6719214553027246,-2.2026955389320531,-1.7456786896661409,1.0412023058529096,0.0
-2.3854933363632651,3.4500792922137311,-4.7088956543630633,6.2904751494042825,-8.4120953967865653,3.3175860102099826,-2.4853490330079815,-0.14529466109343581,-6.6432661029070985,-7.9442030639895052,1.0
-3.0213372560103737,4.0742504816555503,-6.1727367013309662,6.7296352150341203,-11.006030746038627,2.7265023591163047,-1.3432801324419896,1.048349375048462,-6.5260174288092276,-6.8263004868249126,1.0
-0.005905688944043197,4.3268849387230706,-8.2678199131404799,6.6625612347280381,-10.51228239711355,2.6316525850048569,-1.3978515665269398,0.45856442814357778,-5.9673142137673718,-4.9292322926364971,1.0
-2.057411355616737,3.6312421159715216,-4.5633554257407223,9.5797391080387158,-11.098882917620084,4.3463936404606303,-2.9120198721922073,1.3840880703653478,-7.78015933059672,-5.8322811775846128,1.0
-1.3213701970721612,3.535727721191233,-5.0281559392631241,9.0622738913209933,-8.5178527620596256,2.3263725978562393,-0.89954088283335443,0.59504263558547688,-5.4438992619406079,-5.5616864025954404,1.0
-0.55732317336317738,3.1769156152967328,-8.8890957456634254,-4.6562689502733736,-6.3393316655790057,-8.4774323241092553,-5.460452643297657,-2.3083155293806703,-3.528704088967193,0.62184348625661034,0.0
-2.579766296835142,4.0776509815856352,-5.527928135612445,8.503674312368446,-9.6776682183995533,3.1122627823441569,-2.2394256994351731,2.6619381356881098,-6.1846942426971978,-6.0783554261860404,1.0
-2.0776226824587392,3.2640280766552383,-6.0740800115825007,8.1435336721296281,-10.066889060958385,3.5296926315758741,-2.8717500034166377,1.2314886614927276,-6.583905851403772,-6.3896620944260025,1.0
-1.1324449785691697,2.3816275881694065,-5.3706494890994332,7.0550915251312372,-8.323869593805016,2.185999631975311,-2.1074070715711382,0.35289119747825115,-6.2520423229768323,-7.4492636851413163,1.0
-1.4651842949587468,4.2741412989398597,-5.8359815816662843,9.0343503423867695,-11.467746145034669,3.7734444501817821,-1.9545190804582024,0.21476395193431863,-8.0038712386681645,-6.6099501964818801,1.0
-0.097140376455556288,3.5356883162351007,-8.8224675109450477,-2.8334495438070659,-9.0527117150523608,-7.2919395892325944,-5.6476187370550566,-2.9259772088322529,-1.7760337997097959,0.83464206281122288,0.0
-1.0531559616446826,6.7002074812003389,-10.827723489220775,-4.9728683967689209,-7.2795360258837611,-7.1319799785251439,-5.7500452801497586,-3.5659096656083769,-2.1006406971137928,1.8133736618410468,0.0
-1.3714817389433689,5.9045980524201953,-10.298688657608439,-3.1458926303579346,-6.7526434946447385,-8.3465497450980486,-8.3515977943701358,-2.1412842917933688,-2.5686244645289187,0.79429057171796535,0.0
-0.027624057293491378,4.0047010350112746,-10.197651896874381,-3.9459595636570208,-6.7892181085076668,-9.9164779056152756,-4.8868219628976171,-2.8625857022958878,-1.4955259195618225,0.97365067181492937,0.0
-2.9548177912296065,4.480810422525793,-10.197273221649318,-4.6079517158881824,-6.7468678872385697,-9.0434996567322941,-6.1634585060636127,-3.1083080174593181,-2.9046394299988485,-1.5218712004707129,0.0
-0.85585796491070065,2.9073261089883626,-6.4285355313005859,7.7737836968105256,-11.630473233366995,3.0894276164400263,0.36074492134209191,1.7606813142715732,-8.1913707409765877,-4.991955097452732,1.0
-1.2932278914084612,3.3619004869353697,-7.946539060795657,-3.3676865471908224,-6.6353560436357739,-8.7602265028240911,-6.168573048411365,-4.6144657753684024,-1.2696244209617564,0.40189636122391825,0.0
-2.2012449917027954,4.5367418233728216,-4.3238724834307538,8.2287297839447184,-10.178228191393931,4.3887751895279923,-3.1914387938729387,1.9506158532458264,-6.2139336854924982,-6.2599391180130297,1.0
-1.720343637344939,5.56920535084818,-7.0084648080162939,8.4702708147317338,-8.4612619650077274,4.6762167679662259,-1.7791581915588102,0.76080223082240472,-5.4515861640598064,-5.4914011156420468,1.0
-1.8460011772324036,4.0512483553461998,-9.9015983613135816,-3.8012962064297757,-5.9096204282395881,-7.8071703583393708,-6.4082844418126435,-1.1022203481966446,-3.3440766717001233,-0.56387449583636173,0.0
-2.3927133231426301,3.4854685774376812,-6.2870407846225396,7.6270044211885786,-8.897790597167031,3.9421091074108787,-0.35270206087121148,1.1696935046997661,-6.234192709829264,-4.3313083768202834,1.0
-1.6087521511724905,3.7694942222738081,-9.8067970189856357,-1.8530934108843624,-6.9447232311761091,-7.5360249949166258,-5.9746254524907547,-3.4410353056325631,-3.2071687134087412,0.4269919576542614,0.0
-3.0032902318948933,3.6209967350318157,-5.8991994981764337,8.7704481889594561,-11.281467769791373,3.6437869255359208,-1.7746144194334734,1.1767048560731219,-8.076366773897119,-7.3398650487930306,1.0
0.30305904685942742,4.1822845639735249,-5.9906952489094429,6.0416025111860039,-10.120178202612383,3.4142889791915905,-1.8761234283354655,2.0821362590842831,-7.3508679979889715,-5.3426642230630694,1.0
-2.4409373058904227,4.2292409531852613,-5.9563375620660937,5.1094288650183692,-8.919959956319957,3.091760875737918,-0.736156840783455,0.53016240201300824,-4.8853339541241514,-6.9867194703115301,1.0
-1.9491037742140822,2.4691400120048392,-6.8958835109642518,7.8098025967656257,-8.9154832908041755,4.6858999790821416,-0.13246990764296163,2.0450448498043139,-7.1583324297039219,-5.773050261592223,1.0
0.21379652611305255,2.2792338356728106,-5.1956215562648778,8.00147610103771,-10.555217684965848,4.168843796563138,-2.7571202989305466,0.084245470451991933,-8.5818114665658403,-5.2036870130506667,1.0
-0.91601019420373908,2.6537806487571154,-4.8627244460082295,8.9546260680777188,-9.0660242531426878,4.019496240218511,-2.1748319978437429,0.31463617074698857,-5.9373743566696611,-5.7968611012552698,1.0
-2.0824168673392949,4.492954275367449,-12.140179232730469,-4.7835174113859127,-6.6132662331024967,-7.0490537783208316,-6.5565320415121953,-1.0324299359407512,-0.30440128893750806,0.71568218829232899,0.0
-0.52579046361308213,3.3065986015291307,-10.170140711203537,-4.8312069652845766,-7.0226684369421459,-7.5704128909082229,-7.3754149496595041,-1.9440617492994305,-1.1630597947938057,1.2788290189690072,0.0
-1.3834571520252443,4.1594733779574264,-10.118601814139438,-4.2139091379855556,-6.641878974074463,-8.2874766692543638,-8.062533480864424,-3.2745963159193732,0.17007122223928439,0.82318088492544017,0.0
-2.1797317701184817,3.5000051935695509,-3.7627767619344001,7.9305682168525866,-8.2619249026007964,3.8472683357488369,-1.050924935093756,-0.17537863804874343,-7.7392331411342408,-6.3002240919069958,1.0
-1.4958595654280946,4.5244099134619535,-6.7454533408254598,6.356481815992967,-9.4464697443361825,3.5217140492227941,-1.2760741613594997,2.4040959137314708,-9.3746866276044898,-5.9381087702788777,1.0
-2.8964132824899167,5.282328796492461,-9.374350327075069,-4.3883052303184327,-5.6573421834165103,-8.0241265249133189,-4.6578461735892827,-2.5860445771391403,-0.50584497476674195,0.88573737649256712,0.0
0.39506419656959624,4.4598994056415098,-10.476869602439182,-3.6031813885349258,-7.0477174572836505,-8.5823703828591391,-5.0663394438946199,-1.9730836563545584,-1.2237889572454974,0.67344746249360132,0.0
-2.7274826442419258,6.0060245107160437,-6.1443960542008575,7.6504684322808938,-10.080317148700276,3.1506547674703542,-2.5581925914009833,2.8020352769328341,-9.0394487389771907,-6.2229195827736401,1.0
-1.4304343581752192,4.3414153267300488,-5.5323794285738224,7.0226510750057223,-7.8216183439024398,3.5821662876717029,-0.72370574711707358,1.5795755555435833,-6.3185870054283191,-5.1047169217164274,1.0
0.49263871806452197,5.3179515590274766,-7.1743359464360985,6.2380995106385893,-9.387530763853924,3.9663491437405431,-1.7856095152317513,3.3461293651704591,-6.0151910078750799,-4.3979128506533529,1.0
-0.70287041631645719,4.3249198491914616,-8.4684646402516677,-3.2668659072315589,-5.3477934506014151,-8.9575050973472585,-5.9745420961263935,-3.5183811330393699,-1.2587372080480113,0.55678251297297332,0.0
-0.7319619168187389,4.1676072308117815,-5.3449817999370577,6.8741894205929492,-8.9769076187600536,5.1600720084170062,-2.3452124910400198,1.4269861170323936,-7.4553424810328055,-7.1383166144481178,1.0
-2.6814458505898289,5.2010181084442442,-11.870873481288402,-3.0327334293082484,-7.10025010853645,-6.0426230510233356,-7.5813298452906004,-3.0124049789794527,-1.6974187015027367,2.0092338724433763,0.0
-2.2047558104324594,3.7120174561480526,-7.0670409385751496,7.5277975761976537,-9.6590712396797134,2.2999643808513479,-3.4999005048020964,2.070203511264201,-6.6971236498784616,-6.7343087354377431,1.0
-1.3200721003795322,4.6994209945237326,-9.2403843793560387,-4.0262407925750807,-6.9375675480856502,-8.2241777795249043,-6.2407299098927309,-3.0804262963815616,-2.3913950667683586,3.6036344741267889,0.0
-0.96698555840916378,3.9278175124275001,-10.326764052994182,-2.606243082692707,-8.1139499288263544,-7.8365692094673909,-8.1700627199230489,-2.9990563416943936,-1.6543847699897567,1.6362056518640511,0.0
-2.0978860859998298,3.3352780919787,-6.5743999793923216,6.9335493013488456,-7.5692185997186145,4.1942879258633026,-2.3386436583310708,1.2161133481560786,-6.8847720254450691,-6.1279286508236863,1.0
-1.7989117113994408,3.6779523794184601,-9.4665487101968768,-3.949347705387829,-6.7436162691739074,-8.8784430303694108,-4.7382594444254842,-3.089160467897401,-0.77110089472329291,0.33733701640086133,0.0
-2.0654555594864976,4.7896413283051338,-6.7210950360133594,8.1770113139442628,-8.044837541383588,3.3233366904749064,-2.7793566989076588,0.83122562660265475,-5.9355237572139918,-5.2988763820598015,1.0
-1.8591334436276581,3.1830735771611667,-4.316817625736209,7.8601477662798773,-11.271696978245945,3.6626641092908372,-3.0591616126674599,1.9158531486310606,-6.2102675703761649,-5.5994082202133839,1.0
-2.5522065794614037,4.2452915493019239,-10.284097419048274,-4.8242361970151659,-6.5634525937644081,-8.6318421784852291,-4.6431042588157849,-2.2278942181206149,-2.944839579928181,0.75733415851982233,0.0
-1.0005101098483093,2.7790515282269039,-9.3953932233574733,-3.5330663437161451,-6.2539305108541825,-7.1087860099167859,-6.675673964235509,-2.2647798406886368,-2.6269559464056913,2.7312127550761733,0.0
-1.9895861673226836,2.3832834342793214,-5.8494210335066921,9.156034287340594,-10.365193555318637,3.3039601331624606,-2.4049348998358071,0.81482927485798629,-6.9574899470444169,-4.5611566096762406,1.0
-0.19866752548544153,4.998962670267181,-8.7998816619318507,-2.2487543759907975,-6.024793030503643,-9.0716681429240715,-6.3801404849541248,-2.4585897884541339,-2.4794974166748367,1.2282807173883619,0.0
1.2278288578051937,6.1293674824686306,-5.1586851463455687,8.2183639092374428,-10.49585832862744,5.7866990794517275,-1.6355866877860545,1.0504010589160671,-5.9882676490123643,-5.7771701527166117,1.0
-3.6423161277679639,3.705444777877017,-7.0004900104711272,8.1014869498894679,-7.6400710444464588,2.8918603811060692,-0.16068115200340638,0.24515229353568113,-5.0199907122738665,-6.8636241092329566,1.0
-1.7440679333531492,4.1091279860696579,-9.5804104986782388,-3.1685778963476152,-8.0203074460314276,-7.5673176735214289,-4.2090124522277481,-4.55994238497167,-2.8948224107017153,-0.10424291977703204,0.0
-1.8217874356922428,3.7201392535884121,-5.7435217505883944,8.5880982756255477,-8.8933154003270936,3.363650280346,-1.5647864225978774,1.2791539608401847,-7.3252270099554657,-4.7159564338037629,1.0
-2.0082786872483203,5.085889423519987,-3.1814928699245568,7.4481916598159872,-9.1342312750920147,4.6594624297867586,-2.795212274514121,0.85819335951330533,-6.5226685321836202,-5.6848369638271095,1.0
-1.7288886026390025,4.2980978016696216,-9.5475569908859228,-2.188013446844133,-6.1939123811254966,-8.6616852388994463,-5.4973765671977199,-3.207556631242134,-2.2636486991903255,2.642806055219264,0.0
-3.1561887832755828,4.1249833996203034,-5.0183666095391999,6.83031684321372,-11.456189903866573,3.2795684933129068,-1.8524042720581597,1.0931895745887905,-5.8886857766377219,-5.8993747391838927,1.0
-0.46410314191945323,3.8803179003950339,-5.2719690516764413,8.58250137233426,-7.6596350644089686,2.7702537033712513,-2.3572990111834473,0.24928697436670311,-7.7927117696511292,-6.9505569854319713,1.0
-2.8793043029275522,6.8558585179045588,-10.543486671635669,-4.1521864102521011,-7.7652806885789936,-8.3566225535886041,-6.0321263313647879,-2.8869552802650404,-1.4036302277879082,2.5684928890427061,0.0
-0.90416787675766419,5.1074719903664061,-10.196649953936998,-3.6513885019570598,-7.459571864653296,-9.3250414838451672,-5.2907835355063417,-3.6484668810576015,-0.68489232378038412,1.3787855813067487,0.0
-2.883439556523764,4.9647540874107987,-10.97987346168177,-4.400656709116582,-7.8930297728460124,-8.2639565186651431,-6.7041817456595956,-3.5633753262184529,-1.3836715880725499,2.5389435814837866,0.0
-2.7544717516895614,4.5758723019018293,-9.2571560525568266,-4.9070491491711392,-7.3311006896613611,-8.1206135579306871,-7.6479130926933383,-2.7736260670967527,-1.2184898678015679,-0.083181260764847442,0.0
-1.2474440189382199,3.8090223312756435,-6.2552441546499491,7.5015312532833942,-9.6472690126805603,1.4351024409300925,-3.15306681443582,1.6066487962933265,-9.2806082697796999,-4.8795884233039821,1.0
-1.700432244630093,2.7269892979123922,-5.8067650294970319,8.275226027274929,-10.170669092943578,3.483827298491089,0.4358369643920299,1.65113322860524,-6.5991376617193138,-7.0741587846943252,1.0
-0.73126969102345241,4.4898787060790708,-10.422695698751559,-2.5016696390452706,-6.7231935847848519,-8.278400769211073,-7.0506905964184492,-4.0943826810950181,-1.1708664100055604,1.7256027663005198,0.0
-1.8684541393232976,4.993113060025359,-9.1587290897785962,-3.0222464660596473,-6.77929485840348,-7.2680869403533173,-7.0291937134432354,-1.8359173039057568,-1.5517206949685924,0.47824184496442323,0.0
-2.4749328626763081,3.0211192895214571,-6.1465406573163852,6.6710910889070476,-9.2025771211679466,2.746194372272202,-0.53995121077665331,0.2959450263861837,-6.6297194445704211,-4.3592098188083925,1.0
-1.9577529632328141,3.1323641207220962,-7.4626126445614691,8.9855259141446737,-9.528299102196506,3.0824841248524986,-0.90352914116496319,1.0912013299533581,-6.4249676016079071,-7.5186248375826921,1.0
-0.56056357320134031,3.5048553783671634,-10.820179692557353,-3.2316372552505119,-7.6902241851237267,-8.7470711718785541,-6.6186964816569747,-4.0889546490115602,-1.0196561057127038,1.3848493785519884,0.0
-3.3924330517012979,2.9024429247335291,-4.9122844164702641,7.8940427920803558,-10.302215004104285,3.3943597749061141,-3.0877996807404591,0.034606254839406381,-7.3600793246658718,-5.450520666875831,1.0
-1.8027556509557572,5.4394736477929122,-10.220126532183009,-2.4831882035374644,-7.9348904068485906,-7.7840376350771709,-5.421513586622849,-3.2284971895801173,-0.6783362511402824,1.324464264755332,0.0
-0.69302065571946225,5.1195389191464304,-8.6915064385176528,-4.5579515165275808,-6.4282987742431077,-6.7439747152600367,-4.6538834868248351,-3.8949702765212688,-2.3163247230180257,1.1590498537915028,0.0
-2.8421323197318813,4.4169605714257001,-6.9832871155621534,6.055273137110758,-7.8675860964540414,4.5448341723640668,-1.1305310087446565,0.69686517127068048,-5.6887000039850282,-7.4051379433412636,1.0
-1.5255117093938964,5.6085447310428673,-9.712964392804043,-3.6908811018999361,-6.7883828788355549,-8.8864997085193576,-5.4387910530123138,-1.5454263483345609,-1.3058448552886703,1.6612434945320222,0.0
-0.87376813817861632,2.5731187996439191,-6.7038187400692912,8.5262856515278269,-9.6453603983420244,2.2064601915967166,-1.1631425711558672,1.6674458060585451,-7.310802978204503,-5.1763739809607054,1.0
-1.548716792115211,4.1895675615977366,-4.6238280721665346,6.0359210284453439,-12.516389492146576,3.5247205168543099,-1.3364767973130938,1.3474768415921163,-8.069508089406936,-6.0821310181425972,1.0
-3.2039556873352177,2.8599288288745042,-9.4110939850522577,-2.7781698598058497,-5.4704175518355171,-9.0486696285739647,-7.305593800205366,-3.3607242588235953,-4.0403806572604379,0.18740350402339456,0.0
-1.0144072528199413,5.6886316989324817,-7.9589353640745415,-4.349641839205848,-5.6194368756448423,-10.774239740432044,-7.3181953793502688,-2.569816087730699,-1.5931162472993163,2.0967525927989588,0.0
-2.3871482252623206,3.1601440971616634,-6.9519178526934393,5.530181404079233,-8.6362589822293092,3.255702878626618,-2.492354243289963,-0.13203638451681776,-7.7550902725309081,-7.2894696218424873,1.0
-2.3308060367853387,4.3938252699242604,-11.11502285228838,-3.7189328495461123,-5.4050800065478679,-7.4111839440467095,-6.4666313248081977,-3.9764144232238809,-2.8118088091374389,2.4687892810948853,0.0
-1.2360655518844066,4.4838299371917207,-10.341566179224177,-3.9097516905289575,-7.6848830276058679,-7.4551960705518256,-6.721924337232581,-1.8642777543335458,-1.6611588735958014,1.3699132033042059,0.0
-2.6987422279834226,5.1395131005622403,-11.896524562972395,-5.0704592398023172,-7.5738544614806003,-8.3197140595100034,-4.8511813430975952,-2.1847862851355178,-0.48918260681422043,1.982942578102707,0.0
-1.1643485819705592,4.2317867091006605,-9.0113773158318597,-3.7398146460277628,-4.8741824546880057,-10.049589027515138,-6.9217124607014906,-2.1872985674903336,0.46367519141979674,0.52769990235167885,0.0
-2.7713779967240408,3.2199381678981531,-8.3742504003600153,-2.7969049409695579,-6.1758428269556358,-6.3284093180340584,-5.8552005348970226,-3.1798641940662242,-1.5824747669531414,-1.1029523113830295,0.0
-1.8322648613336356,4.538068820797716,-3.7504992785103739,9.5613407417160161,-8.6882067159933651,5.0966054267232463,-2.9618752963211472,2.6461928756436022,-7.1173851302066575,-7.8249056220822064,1.0
-0.86675304002917186,3.7829591391633697,-9.4771361665797311,-5.0976899369863471,-6.2630211517863943,-8.1066608061998995,-6.4613655443539315,-3.1905313316681898,-1.1957643583807334,1.5267463199321472,0.0
-2.5208762667245614,5.0812013945311341,-9.3791733728668074,-4.3965204780638425,-5.2543472695322819,-9.4589550271817817,-6.6197829826015617,-3.3196252022745143,-4.8577355155331414,2.7138634936832187,0.0
-3.0260808499060676,3.7349152958263119,-5.4388190894684847,6.9256137036282839,-8.2896595892654421,2.0384966547796615,-0.7471375753289623,1.3223531181989596,-7.3434470499759152,-5.0262742725355336,1.0
-1.8863200981181034,2.8419820150319648,-9.0664568248849822,-3.0035397321518751,-6.1393809689553533,-8.6102159622175822,-5.2058098008276641,-3.2985383945615987,-1.1295027357955263,2.5888624951846797,0.0
-3.6148736561074388,3.9174157343300466,-6.7154965907230935,6.9157665124375214,-8.3140753667603988,3.7047898682266833,-0.72027432444857431,-0.58997814683625682,-7.60247804736699,-6.4916373430254239,1.0
-2.031691821824642,5.3221087543363952,-10.017028510340682,-3.6839510945583434,-6.2656413125222183,-6.821695581045117,-5.7539835735688438,-3.0304135751760479,-1.3439645806244322,-0.76911295735265472,0.0
-2.727436482435075,4.3298105061374299,-9.4247497776963449,-3.4954014710534631,-7.0826997327116779,-8.7533669038596571,-6.1280305090596929,-2.5169805802740548,-2.1014681719036288,0.88870316885935785,0.0
-1.5357025815442968,4.2719054064539765,-6.6145699812261416,6.7692034127242557,-8.6809128437946015,4.3929888457837629,-0.25663069414749518,0.8786612429305225,-9.7744960257476521,-5.514579933532934,1.0
-0.98025876099885667,5.834036820170506,-9.9615150408926656,-1.9233510599227435,-7.6992868939585843,-8.6783314985629847,-5.8870611097036321,-3.4435842211497185,-0.88759825960995964,0.13522686486924973,0.0
-0.62610910268428221,4.2602165942318075,-10.855209328392874,-4.887530390511154,-6.5222368890914222,-10.111397190223055,-5.5969882013267709,-4.1953585265309297,-2.4238746110973399,1.2817165828200565,0.0
-2.1461706662987754,4.0022479359418766,-8.4098492800803921,7.0309531863826829,-10.789649726173183,4.3346428070644709,-1.4595907654164484,1.126558990414313,-7.3814899261390563,-6.2808586041887429,1.0
-2.0020978054628493,1.9600176333812982,-5.1954182203129324,9.1932549818992815,-7.8036540589903911,3.8421404032025825,-1.8449331240570679,0.38767529867486594,-7.7648630454059582,-7.6877205223170968,1.0
-1.2326355771228354,4.0479010711778569,-9.3946765935264018,-3.6389166136107338,-6.7317676331862399,-10.185767893445632,-5.1937027794254904,-1.3643937391871577,-2.4671181399562174,-0.700564301118342,0.0
-2.332753737902463,2.9957350137068626,-6.7834574457577466,6.4685582823310854,-10.986948196253595,2.5580880045575158,-1.7597172221340713,1.2146619554434384,-6.019812040574581,-6.85957070287522,1.0
0.73058605638499197,4.651912718032281,-8.8451133686424974,-4.1775843194867033,-7.3909434894178752,-8.1841395222281808,-5.9190785108705652,-2.2391986140442226,-2.1868045304982844,0.095483106049821465,0.0
-1.8514220816888862,4.7592584601066799,-5.3166834560335126,7.7782084001795138,-10.707848674081344,4.4560115885258433,-3.1807903182811734,2.4055787562955757,-6.2076317241185892,-7.6250390383886479,1.0
-3.6046068645605587,3.4910655006114553,-8.772556654379871,-5.0068946210635197,-6.2488384993336776,-8.7656350777528687,-5.8816865275925991,-4.9127053117642383,-0.89757534938663719,0.73666597997665684,0.0
-1.0415743720281849,4.2223135431894159,-10.113697689125498,-4.1288075160249571,-7.9987968392842399,-8.6862484307076446,-7.7013511929671141,-1.3208255108280182,-2.5400233905245835,1.2539448618846962,0.0
-2.7813277139641408,3.2789709831302294,-5.8229189092447706,6.8205884963163683,-10.524773438032433,3.6993915679235485,-2.4157386432359083,0.21426474602009826,-7.491414498956174,-5.7524787821406012,1.0
-1.6623073016764929,5.7416311965617925,-8.5970946178484109,-5.4535254308579963,-6.926003309121568,-9.3573294542937475,-7.610491224145191,-2.5028326726195385,-2.9062198533630905,-2.3770227701239097,0.0
-1.7800244777370269,3.1733691333967347,-11.180030630162735,-4.6191030655623315,-8.7390779912766714,-7.3281982801850587,-6.7730093360776609,-3.3997704374418953,-2.0665419982246052,-0.62028574452829299,0.0
-0.27968000487757294,4.2496472583283929,-10.644203530437096,-5.4023400958852497,-6.2853903176055272,-9.2395290118349358,-6.8138283524666194,-2.4446854711961095,-1.8810169411284807,0.68990780622533088,0.0
-0.49811992427412588,4.3789604825751836,-8.2512774144251289,-4.7284188344366394,-6.9232416459919337,-10.669531965589794,-6.8704636533568726,-3.3979067777809067,-1.5537127408945119,2.4869965187382741,0.0
-2.3024335008681516,5.24154823420431,-10.360765954447793,-5.3854155735121125,-7.2309020533524029,-6.9843017302961732,-6.4606879500688281,-2.5393636321588664,-1.8760972001064387,0.82316603806458011,0.0
-2.3214517408881923,4.6655217706351655,-9.9832640886353143,-5.4329285819793167,-7.3055826854097248,-9.0088994970185432,-8.3229962311873571,-2.6049018097977212,-0.50596226086422003,3.1460648691320428,0.0
-0.8561776094045207,2.2375668581150521,-5.8205747589245806,7.8376570073651077,-9.1118931737881184,2.9446557347434368,-1.5704707578942676,1.7741910650302248,-8.9684346702372704,-5.1268877839684084,1.0
-1.6383880773603707,4.8351486084770476,-12.3057510172814,-3.6262801397938373,-7.4440017944585772,-6.3553087382359337,-6.9660647292087443,-1.9462215391338231,-4.5795751397923787,1.5909596950514273,0.0
-1.5591681835489719,4.7278157023057492,-9.4833009430867783,-3.970599412622922,-6.7015342650834739,-9.1329482960690243,-7.0502662071505044,-1.1912746519996944,-2.0763847297631588,0.065834005400183915,0.0
-0.75870395668410773,3.7227620096688283,-10.12060272917175,-4.8891179816222738,-7.3327702632837548,-7.6228726378858589,-6.9664565241718917,-3.4855389859950221,-2.7518232155062008,-0.068870961431580668,0.0
-1.6158909127701304,4.1801756263295564,-8.6662553910655102,-4.2406564108392235,-6.3848123437796342,-8.473029703522716,-7.5473545276925762,-2.7752377386756124,-1.5614657019512752,2.0695605625994009,0.0
-0.96619368028813502,3.648422540286929,-10.806559700125231,-3.3959090945051713,-6.8838434392998682,-7.0460526536749821,-4.8319188439502732,-3.6284670213415371,-1.9362735252306569,2.536749863642461,0.0
-2.1528151301413754,3.0710153403975355,-4.9341517498075147,8.4151821527317061,-8.4963714886769957,3.6707522391082636,-2.4421804137797536,-0.044176810779565923,-9.1853977738275994,-6.0956519762067627,1.0
-0.33686592083987965,4.6006648851369389,-7.4322597229363216,-4.4174634530114103,-7.2675760913652008,-8.0075762873375567,-8.4558237395285314,-2.4865203316005071,-1.5838044021214326,0.88565304397257416,0.0
-0.44161900514717223,2.4658089044782683,-10.803890715606558,-3.9042868549901018,-7.6609685182454008,-7.2916050032828412,-8.3611863379031082,-2.726983818567998,-1.6387303388837853,0.82541507720876939,0.0
-1.3389832113729516,3.8546703150086525,-6.4467506673836468,6.7047484076160027,-9.7309294837009439,2.7873380492287829,-0.14006320412798146,-0.18147489538260086,-5.3930494171528292,-6.2733811763391412,1.0
-1.0206305865287111,3.9408301364093283,-10.964724874661311,-2.7356322914878515,-8.4482615361439031,-7.4357994825869875,-7.5225298933524023,-1.6265174763635708,-1.54809804934423,0.51893968356030895,0.0
-2.0792467736847762,3.4627262232649278,-4.4357715270608269,7.6737303713503575,-9.4565243907122394,4.1076964961824363,-3.2657585935652502,1.8963630160660609,-6.276885086787849,-5.1308263507478067,1.0
0.46801313575679604,4.0851334612450785,-6.9981886760369107,8.6959621860973666,-9.5425925036528145,2.9205793462363383,-1.3745026014357939,1.2885803803156668,-8.7508554209124281,-6.8874889947172351,1.0
-2.0358275818469429,2.4783200466954742,-5.9494374676544304,7.0796218654533591,-9.2432358559714398,1.6449421229373264,-1.6001215482303803,0.71421473574266559,-6.558752357316731,-7.73027276715281,1.0
-2.4410142314324763,3.8497779833855397,-6.3040971639293328,8.59876573840471,-8.2879394889178357,2.9367370773161929,-3.2873909113147191,1.3571563320506734,-7.861156727720978,-5.2156731479835283,1.0
-2.5034713938863224,3.2330799625110673,-10.793339116442226,-4.6634010963562567,-7.0534456125023226,-6.7222953067814082,-4.5864119894515767,-2.8514610951758512,-4.5628632296462639,1.1606940331417976,0.0
-1.0507762470404107,2.5250790016771019,-9.5004434050071236,-3.7160158480236078,-9.2093262303861891,-8.5227905299614779,-6.2922507242827601,-2.3573829420139791,-1.1101548488389139,0.87208145117727354,0.0
-1.6092428198013842,5.0568130830955074,-9.3911641032398059,-4.6906381751231363,-6.9002171178085323,-7.3750539255244787,-5.9649790138390939,-2.0374646912902934,-1.9696544053174401,0.8570856686901589,0.0
-2.2600642445728014,3.7578541012415845,-10.72303564043515,-1.9689372984780831,-7.6470746217840713,-7.8264151255049894,-7.4352389663160192,-1.5656887452110602,-2.6209184840028685,-1.8243071290459558,0.0
-1.8426218929104929,4.1854609670548255,-9.7979529484604733,-3.0206271336751129,-7.5950019838577898,-8.5604681286359749,-6.1142307807040712,-3.2089354347677936,-1.6790482230422761,1.4946254158214818,0.0
0.1751577207011672,4.9708727243374753,-7.8598844362136191,-4.7388825442834399,-8.8208078238905898,-7.4384385071382297,-5.422091710721296,-3.0534253620842873,-3.6034437611312446,0.32843949535102029,0.0
-1.9819463659161229,4.4688921271319577,-6.6135752828008032,5.8505838627584543,-8.2711094076161515,5.0504863892755623,-3.5144346898751295,-0.11848005245370619,-7.0980880702487417,-7.0873305399291411,1.0
-1.6645740479769746,2.4629957480064846,-6.0555743252424197,8.117518701338005,-9.5888862357482534,2.0454821789476085,-1.3930766754681894,1.433284275481455,-7.2194960386558193,-7.0831091930952352,1.0
-3.4188317623586357,2.9324995296713352,-6.5336115838252979,7.411689113680529,-10.852271022938247,2.108284124810559,-1.7310109095248665,1.3816218362280277,-6.2060652998220291,-4.6052137916802813,1.0
-2.1828853617367576,3.024446207158737,-5.6831280905090376,8.4862008558244053,-10.997108345982252,3.8880953347349902,-2.5280716735289017,0.64286460461282058,-7.3526964361713514,-7.3994242584507806,1.0
-0.60553600063656465,3.9116199539466905,-7.3449857343217353,8.1892550337892036,-9.1524229342661858,1.5527087813439775,-3.8049471078614179,1.3100975742853058,-6.5089049735160547,-5.4293901681747281,1.0
-3.4132258042883183,4.9905162563873784,-6.2203237837682952,6.3286755753374404,-8.7355638257818988,3.2175733601769791,-1.3767651210816845,2.4017052670903167,-8.2834517848495217,-6.7743473532464114,1.0
-2.6079995624023162,3.9830115716176255,-8.9897460260525222,-3.5610136362388971,-6.6165015328760513,-7.0279046059597912,-6.170742382737493,-2.5607820370672085,-2.3792143773038887,-0.56867534020123633,0.0
-0.83104723378532896,2.6626372030496275,-4.978701878114304,8.2619376226994934,-8.4214938049788266,3.0614135351405714,-0.57241803214725651,2.1745824946894965,-6.7426635361813672,-4.9151004725070484,1.0
-2.5582430992671656,4.7261468107877551,-9.679558303974412,-3.9725801814608417,-6.9148659049299352,-7.6896937828923795,-5.8769153475647311,-4.0847963482274441,-3.2605120257110833,3.2823149653858117,0.0
-2.1371407606052406,4.4324898630288194,-11.346408950450343,-2.6508130108770245,-7.4274942712349974,-9.6383845559495001,-6.8672570575998515,-5.3936933969091827,-2.0964676880853927,0.8888224224813347,0.0
0.26023238047956831,3.0147959927891277,-9.5474947616152566,-3.325911464610094,-6.3135449484972543,-8.0128326681766939,-7.2016677116552064,-3.2712058655021421,-2.5557756531774194,0.91070779610689334,0.0
-2.4273636519730797,4.041951819136524,-10.457430184691169,-2.2478650296077625,-6.8243766315103764,-9.1526546059822245,-5.8761973842851454,-3.2807891557700892,-5.1184148958129061,1.2561870512209563,0.0
-0.77373410698261236,4.5963515182262569,-9.1996487083541574,-4.0552805866268047,-6.3215256401438769,-9.662800788848088,-7.3555064648920894,-2.3633114546575089,-2.1038287715960982,0.54758050884692633,0.0
-2.8290846831107404,4.4798701818072102,-6.5374115516997007,6.2438262164143596,-9.8683236802016587,4.0410073045589181,0.11038110615509833,-0.21368136557990103,-9.3913192190641226,-5.1078132209107245,1.0
0.51844184697855988,3.6774256186521606,-3.5265498669017741,7.48785131244572,-11.070566067651452,5.2709153058455334,-2.5137309765249656,0.73588835789954543,-5.5437101380997165,-4.5791970075361528,1.0
-2.8313351300652352,3.1530668634905079,-6.6791134817437818,6.5020749089936016,-9.1915596551312628,3.9096697230547144,-2.3867113898768952,0.66131394340073646,-6.9498504756691251,-5.7240084753470537,1.0
-1.5988097101490129,4.6176146238508782,-9.9811849363474856,-3.776160827087244,-8.1813522015424827,-8.0723010036507663,-6.4613747659580483,-3.145609940024892,-1.5723139594499524,0.095656539058253109,0.0
-2.0710375545562769,5.6909292056623375,-5.9036945213838017,9.2703349087377109,-10.457012743981782,4.1641669378491386,-1.6425859455324878,2.8648065872332968,-7.6574475752228839,-4.2456472289495748,1.0
-1.6865067925087818,3.0969259060024283,-3.8712827396630263,9.1591206258405595,-9.7191784316912209,4.1185073754410952,-0.49694145559922909,1.0009571970195605,-5.3440278601274223,-5.1158598501618631,1.0
-3.1209635106706255,3.8901419601971394,-9.6465956071421353,-4.0221190104418429,-8.4126471249114019,-6.6824882479326764,-5.9375748341381236,-2.0807200260632817,-1.2794235957519131,0.11146691309992562,0.0
-2.0170741199675324,4.9291450429412835,-10.353125994145243,-3.8544063013307084,-5.9371308387075095,-8.1029348655969962,-7.0903431236513281,-3.8187120714266842,-2.681396940447768,0.76303045875964193,0.0
-0.84988352124668287,2.6289301913985352,-5.7159993905797366,6.4148386701446958,-8.1973993825295128,3.3882463841715693,-0.15913477012882327,1.0765107236134264,-8.8166201912612117,-6.8810875483952643,1.0
-1.0878512124188173,3.3366580331112061,-5.2192341460001543,6.7640019795540427,-9.2384304087935103,5.1993261331077543,-0.18033002048177393,0.87141116664988005,-6.2218975236261018,-6.4258872388284587,1.0
-1.2281885970337865,5.1738777157415861,-5.39759006975647,8.4268504313414692,-9.1207214055407686,2.3675799215467555,-1.2205436005529708,0.94384054626914582,-7.8273486472425207,-6.9323408621113174,1.0
-2.100387232507031,7.44463891163978,-4.5706830950403452,5.9258747168736461,-9.9110231115835301,4.1321728869682968,-1.9293850356221856,2.3128498644154503,-5.4280116490567547,-6.03040982326511,1.0
-2.7850710567333374,1.8049269083137398,-8.4509104086753251,6.6723872174978709,-9.234169638255306,3.0915346372532628,-1.8774788401126805,0.10241668852833286,-8.1239427902549615,-7.1056725611967799,1.0
