-0.22043166654659607,2.5013814177361606,0.86919551683152707,0.73341432188043509,-0.71323759987019908,1.7134512088732186,-2.0926669391487236,1.8092907770923519,0.60251887884569055,-3.6025431261348206,1.0
-1.4273546871597322,1.4303022647396704,0.75672224722648007,-1.3503481850984536,0.3127364534178485,1.0594682017348125,-0.94436313180257891,1.2721435504186669,0.32134330146696427,-1.8721777109175424,1.0
-0.62013622654553491,0.90782374024850709,1.3743376903458739,0.14622647988502402,2.9955012630925362,0.33687364719979096,0.8058372625116228,0.75474809938343324,-1.6437318114170201,0.022327236632895819,0.0
0.47310868560482133,-1.1735476481739191,-0.022991716596454603,-1.0664299045718009,0.96160427473126242,-0.55132996616596386,1.2371614763166037,-0.30494259718388972,-0.094083845904504484,1.8440150964977704,0.0
0.12623191066341596,0.067101522552750037,0.24906712378994958,-0.98802927382320294,2.2892059832368759,0.22837635476358314,0.063531825035642031,0.4165047031449941,-0.058553195767110905,-0.038061855214049985,1.0
1.2692245054308355,1.2698043403035351,0.79245746432597042,0.59890878198933284,0.37302633467653779,0.91227538303968425,-0.66370603585793908,1.1465143551674628,1.2886391290447283,-1.5144309272876071,1.0
2.391639323338854,0.45310295986180127,0.24817383804397125,0.39547813273705185,-2.2734319413398207,0.37851095397466594,-0.32641877871946035,0.46823436846094446,1.5883642793111521,-0.62423945652835311,1.0
1.5716211032067295,-0.37547508028007859,1.0235816904079691,-1.0276808716471824,-0.50106868493971723,-0.47080752330391706,1.9347611230766573,-0.026232746910050286,-0.49914300967749986,1.9003643295840831,0.0
0.70261913197032733,0.065429702183491756,0.99535244871598683,-0.90463243643491109,-1.1071631246982252,-1.6781327616491313,2.6692879837818371,-1.9479681219776566,-1.2793541041862533,2.4787981659294065,0.0
1.0424379676249604,-1.9701053468743708,-1.3792620396797477,0.08846896169422637,0.55269726026939292,0.69772867386753934,-1.016274328301801,1.1656426644850169,0.95222677403382672,0.24423734902727967,1.0
-0.84936932772773022,-0.53489407703494007,0.12765841851534976,-1.6615425013318423,-0.35336529104766767,-1.3906777178482526,1.7383275691092659,-1.6992677684127453,-1.5998240969496771,2.033494237720233,0.0
0.53282246774208641,-1.3019330776391651,-0.69537461474297124,0.32515254194238269,-0.35004768185825968,-0.82960944992521302,0.73281898545092439,-0.96875346784954208,0.17626415286483893,1.5728750822549347,0.0
-0.95182957474585861,-0.76362683676680099,-1.1647820745398807,-0.66627579085844257,1.0759524694094513,1.6938783065063097,-2.4291847301530378,2.1828985925869087,0.36302364072658,-1.8565046666369762,1.0
0.62719131710264042,-0.027765450669915648,0.67883883941207623,-0.79166526658705905,-1.0007659494907222,-1.3690519794689733,2.0662785043728804,-1.6186085476894239,0.27083098116064008,1.9819850952952767,0.0
2.1683703441656048,-0.21868167001654659,-0.48525164366543899,0.42099108831296256,1.8847647583969542,-0.61317690312608397,0.082799518576651465,-1.0146364802336554,-1.0216463243330085,0.3314837828293048,0.0
-0.56131510582441813,1.1102082255936874,1.242788635606241,-0.020105512042171154,-0.46353909515785718,-2.0500063849332921,2.609035700528036,-2.7995365603622284,1.030582358398531,1.8636456661895429,0.0
0.18488325437060463,2.1641378571052439,0.76073310158050833,-0.13075332480464441,-0.3355643787279064,1.505449052701179,-1.8199515803250355,1.6023572040277001,0.32958211124956255,-3.1293367176342386,1.0
-0.50118862899348937,1.3122120933208308,0.44957632511192169,0.6648185968920467,-2.2547630646246706,0.7447567562885109,-0.97008812688465051,0.72614574042269842,-1.1511287234548191,-1.7537687999198432,1.0
0.062585286649628688,-2.6579134353392169,-2.3210031912204103,0.53644765973939457,-0.58606532039202208,0.2552308117047587,-1.3384288362834855,0.37399015424467352,-1.524368881089629,0.50074607307525643,1.0
-0.088809350442594526,-1.037514541639275,-0.12815759043366226,-0.53327753395127653,1.0136662704470381,-0.54141227037491391,1.007422112092794,-0.39806033751213521,-1.1428121604639001,1.5716295368740989,0.0
-0.54026826735234834,0.90937072282344178,-0.38773833792159296,2.0698488593484625,0.65691557099257358,0.91720912925756015,-1.8934261276736772,0.74225669312499665,-0.2796720337535718,-2.2904939035390335,1.0
0.91435758791443345,0.84585772973411788,0.57927943147220928,-1.2832992365882503,-1.0092360358068178,0.81672378786109745,-0.56231152819585795,1.0865603716659518,0.065304158586579827,-1.1504065977803444,1.0
2.3288963816658437,-1.6080226911721549,-1.2059062747326252,-1.7725372055939994,-0.051766342216791612,1.3564220406185599,-1.6216772548853999,2.0363116963003409,1.2108496137316567,-0.60923714047895849,1.0
0.050756600861240724,1.0831462057015786,2.1265566996884635,-0.61299574061089612,-0.27241810318235943,0.55587814412339975,1.4302511430296505,1.3523114773479139,0.28783429524264048,0.37440046233180513,1.0
0.18060686936395007,0.82481965830025139,0.85577033151720949,-0.010024336782672463,-0.43625067833801562,0.25846007393451853,0.2863244014833104,0.43046118425734048,0.82605886276756102,-0.33129235761083387,0.0
0.69116928343117767,1.0537471700914622,1.347490421821439,0.00033471027510155059,-1.8782015171531621,0.44093178033370561,0.58387501500527761,0.82917390351625331,-0.23079455860527748,-0.26971610582948446,0.0
-1.8286177835720248,0.44148827956798931,0.65632532288155776,-0.79569360288277469,0.27469770296401502,-0.070928458611728126,0.58359620590893713,0.026263397616901774,0.74673590547666979,0.2158845459158315,0.0
-0.47193054798364548,-1.5538868694188648,-1.1785854794733051,1.211598341088497,1.4743413730324846,-1.000791185976734,0.45120537475747358,-1.3376253321969422,0.13140788051526897,1.5360532898165045,0.0
-0.84795882635022002,0.61200622702888086,1.5234520490068002,-0.69079455528172062,-0.015982666444216871,-1.0555965156753957,2.4133958994411664,-1.0372584684448889,0.082281569933691706,1.8025943637405135,0.0
-0.52808997614509556,0.21387711838385026,2.3120802358512518,0.35964175544103649,-0.17513782646097054,-0.042487557525279107,2.7653212238008469,0.95185802588718782,-1.2975006099206121,2.1199821227360838,0.0
0.3039834169467408,1.8942300770462519,2.6646548419654597,1.5097196415684173,0.66719123775823919,1.1719534100324385,1.0165658007810134,2.1474761599194725,1.6680727769797437,-0.59165892774136952,0.0
-0.4121443038093397,2.0152815206356993,1.5780348488178939,0.40072280893013273,0.33411459220023676,1.1263234790074268,-0.37266151383803292,1.5134480413498079,1.0468066187941354,-1.7835613708606934,0.0
-1.3006964933100436,0.019279676170970372,0.30287341628595033,1.0932254244737851,-0.31224128537290918,-1.5924806054842744,1.7649583161141886,-2.1364933273250251,-0.39947358993342175,1.7556876250305997,0.0
0.55637745648616999,0.24932260060678746,0.81625349755712295,1.2322222180879725,1.5379022990708204,0.044166546527961009,0.80859892019551838,0.34748390906884885,-0.42322906396063292,0.49269178039922784,0.0
0.8256620435567037,1.1201751497374932,2.2428210168301472,-0.090194684406914222,-0.16666545717721001,0.60547758086339232,1.5062939977944931,1.4629791586304135,-0.29561314291705554,0.40276444097998376,0.0
0.33911209396446829,-2.1718367717479232,-1.2791721521401931,0.2976674623067308,0.48266189999333947,-0.67941366173966,0.45436881202729995,-0.66737653748094716,1.3110660390157907,1.8521544604575966,0.0
-0.58018306511602424,-1.8287639049028057,-1.1540549615229514,1.391016516394594,2.374433086206492,-0.57204271475526725,0.28703369314792382,-0.59857212692300643,-0.63090049542314819,1.4820586172922119,0.0
-0.93211850643208116,0.97375373212674787,-0.19572478413958427,0.16214981939258297,-0.37269367426529465,0.89956200215312654,-1.6823458084066367,0.78157600115374148,-0.25649141355022553,-2.1552907238728078,1.0
1.5648368078308783,0.95573739958193649,2.6456059946672106,0.76830512347485846,0.38610673704998899,0.51087618264739953,2.1989210344524546,1.5890605126604394,-0.78429269138012769,1.0860027755204582,0.0
-1.560678785777146,-0.35287731054771931,-0.53921491676113231,-1.3679532088921398,-0.580314085248684,0.69742012968186495,-1.0486208217368747,0.88648704784845644,1.4688405477987201,-0.77993968470844088,1.0
-1.4123525412698137,-0.42299222976534168,0.11477188391506996,0.11817747001265469,1.048029060174634,0.090410515980042711,0.34417130950627728,0.36140682882637687,0.60463735472341673,0.52112027025803775,1.0
-0.20153175888720828,2.6665493537380609,2.7171928808159254,-1.3327967607085733,1.3742914961588477,1.703474149779413,0.1003289994375357,2.6067460894814882,-0.34282150558194924,-1.9235851026607673,0.0
-0.77631930920181702,0.41487437281993533,1.9209363826228474,-0.43601936128043683,-1.3109832206397456,0.070992439893767634,2.0462156006431353,0.8429157250061361,0.60842704904461209,1.3887221677763761,0.0
-1.0776012970201319,-0.70844747128030683,1.1810205833797633,-0.54809061539674631,1.0747153897871136,-0.7967112898935782,2.6385023287769971,-0.27645701526294486,0.79267247651515682,2.7454238669353681,0.0
-0.070780217552559088,0.06162197535548497,-0.97787912773784602,-1.4188048183932345,-1.0302269543138558,1.0021595356539139,-2.137050177510873,0.93818596136493138,0.43728632141994128,-1.9828724002629643,1.0
0.098471362103280044,-1.1692281255336452,-0.32036957332644644,0.15839647928590078,1.826331354927156,-1.1922896471178996,1.4293462072573828,-1.3633173896457915,1.2504127718798035,2.1324691419236221,0.0
-0.028835621496408496,-0.037460980525463095,0.854009035420077,1.5644118934324343,0.56584327884536401,-0.89949594961986534,1.8768441164536804,-0.86086854818107816,-0.57190380215910352,1.7352436703988383,0.0
-0.29262010985594183,-0.47831917209382602,-0.96891717438065672,-0.82804678582312174,-1.3389291355020874,-2.0140975373078009,0.88822424318467164,-3.1355873150273021,-0.21975294563351958,1.4405812275823577,0.0
-0.79358760879899859,1.0916142608731363,0.13478057746540295,0.43020259667831878,0.20278171141630719,0.88569979806758403,-1.3382393042648029,0.86986536448393625,0.17897180719279296,-1.9459875584375383,1.0
0.090108234171550158,0.096656650927479992,-0.31260029319364069,0.33908462341733703,-0.77510850759059491,0.42650954274261493,-0.8277677037436707,0.41908408915139539,-0.65528742523120209,-0.8210539055769398,1.0
0.22620177935911337,2.1503846860578069,1.8291247066701801,-0.6604823182499624,1.7181567185200064,1.2464372498708254,-0.25653905670973565,1.7478441316000861,1.360387532611909,-1.7980882377164502,0.0
0.22036823125174354,0.99907154340481408,0.80441575047263258,0.0081848510314787137,1.2530868569439697,0.70464958801388666,-0.28606384532920115,0.96959656841881436,-0.45659533348548687,-0.99724019737129987,1.0
0.95124383189801553,0.37694152639262668,1.8428343048298883,0.59577248079491807,-0.033700028724228163,0.020837111578065171,2.0186365859479114,0.75002879120761945,-0.22038080115935457,1.400343197968851,0.0
-1.2646916586628543,-0.30187228060099747,0.75765657160488331,0.31238210105145803,0.83319892740035617,-0.53279985059352597,1.6102748810745928,-0.27240529484662557,-1.1989551818289323,1.6048262869806926,0.0
0.12156429928871527,0.0160798656287231,-0.45864996815422815,1.4206055698687872,-0.15858981035013975,0.69876428060295459,-1.1951428840379537,0.7718572884115189,1.0890928575073051,-1.126756675753974,1.0
-0.0045335353674224761,-0.50779234947759067,-1.6558751811212162,-0.036034639417088697,-0.093030139603190287,-3.0066496762679487,0.92876137822174565,-4.8673027869844621,0.90099996791034453,1.7010668095856452,0.0
-1.3915605209022881,1.0560686188760677,-0.097483550943370911,-1.0875632926610053,-0.37053480951713019,0.98844383836273353,-1.6933694005938169,0.92069520027955132,0.26216949839134179,-2.2337824245356694,1.0
0.33000703164247353,2.4958986879090848,2.5399764433678644,-1.2582482773987098,0.33433012929286621,1.5640785216316493,0.11652226600337412,2.3949808743577279,0.7695255791940262,-1.7757295911507796,0.0
-0.18419458758830429,-0.69924824880863778,-0.16397257876300347,-1.7100011183254511,-1.2288958068035183,0.73394971243041096,-0.38463186633698077,1.2629981237529544,-0.18041119504511727,-0.035324815084476047,1.0
-1.1600184913203719,1.1894963349756864,1.68022496299624,0.63349052168882536,-1.2986800964251246,0.30851746699560034,1.0232101350828491,0.74181485015400916,1.2527595536591678,0.030802641643983386,1.0
-1.3037310638022379,-2.5303799140446044,-2.2167034126001917,0.54239142996204859,-0.26453817264514429,0.072108102162465743,-1.1325656515927562,0.10880022944552081,-1.4943773828623022,0.62766024824367705,1.0
0.2508390631555672,1.2865015634826804,0.85528694739267785,-2.0603048532723278,-1.6698580731461894,0.97796664348497586,-0.65464035438495249,1.2632115591174797,-0.24556830626043299,-1.5312416807306719,1.0
-0.9946941172082393,-1.2901389713932108,-0.49673304390937878,0.78166091956907413,2.0748597123179109,0.38465672914285221,-0.097309497809328849,0.85400536206605149,0.92665316562467737,0.63606817745307298,1.0
-0.059096275551214807,1.4021895346333357,1.7849283998200047,-0.36763635543647255,-0.26866044273338996,0.7165006513554617,0.65261635627872094,1.2846802323347459,0.41177391894299231,-0.48712734785873479,0.0
-0.77507151057792956,-0.47182810839035361,0.66157902047778239,-0.30364987451452952,0.4196163266039647,-0.66182460456768188,1.7176003198502214,-0.43097664985206452,-0.74828851519440787,1.8239838624632569,0.0
-0.79224306218703477,-1.2524850535155148,-0.22694713416908233,-1.1381251806194741,-1.2247196592406582,0.72192495805916201,-0.084329344862762667,1.4481668420032388,0.70807367980216818,0.55220037135666356,1.0
0.0048254397614066599,-1.4309447961964024,-0.31422633937178218,-1.2094536848049029,-1.8271510899111625,0.73102334198709751,-0.082011602574558529,1.4944918260467532,0.17520934775409089,0.66228971937117664,1.0
1.1652621943208601,-2.9202318858029344,-3.2919540552569257,-1.772405454099202,-0.13718143447313702,-1.118421897617067,-1.1601253032453331,-1.9392392436940677,0.93104527230006184,1.097075150651559,0.0
0.27215393420081269,-0.14697375175841754,0.89076716186241778,-1.3535983293471403,0.45512352981822057,-0.43321172650942236,1.5848459103937558,-0.1318659823157653,0.18618021588320555,1.4675992266292655,0.0
0.82405201560203756,-1.233436970146359,-0.55191420693694648,-0.74713398309929113,0.1023173415300664,-0.77739598847290681,0.81939612052157285,-0.85460478262841133,0.27841351120794883,1.5898134248569518,0.0
0.57978076911573484,-1.2829729572867048,-0.74026514864027426,-0.46142563212687954,-1.2156804084437911,0.62302828866656412,-0.61421761523918872,1.0750927247558801,0.23300898361223576,0.16207860299037424,1.0
-0.32876983446030583,2.1605095169921205,2.5197232551770425,1.6163815969199187,0.037094991598273189,1.3391167776332056,0.51243360512879921,2.2051188958849077,0.22714459158066883,-1.2001627295993871,0.0
-1.0208048735536963,3.762835519683458,3.5960961659964994,-0.04964388753161731,-0.82432501340618369,2.5321505937231286,-0.26709044657245262,3.7480382644804795,-0.19713389833365735,-3.0729745395486279,0.0
-1.5324003303556113,-0.35176439404363502,0.49737839036408305,0.074950712495575209,-1.0051018043143001,0.72741414238522206,0.211031574059376,1.4230404706384117,-1.5564754573200839,0.23477247055279993,1.0
-0.32787447674850589,-1.8614774873505104,-1.989818687184796,-1.8546170800427517,-1.4697249181641399,0.46832155808005416,-1.644497591377875,0.50151584010913752,-0.69093597817039243,-0.28395908647309853,1.0
-0.43263123379071217,-1.6988706137424252,-1.3163677085910637,-0.040975589664741865,-1.900255764463884,0.50156512577181322,-0.94588988234729821,0.80174678250784059,0.52592278164215878,0.17533443115579028,1.0
-0.71503436685922073,0.69847389594552067,2.4817912424268131,-0.004457979761406293,-1.5426794020417989,0.34169629374454247,2.3155646508193186,1.3775531788831774,0.84243230370054389,1.3750690814177604,0.0
1.5981300510804479,2.3360463280047252,0.13871087793767689,1.5583356931327008,0.70330454705950396,1.7125202883265809,-2.8887038842473456,1.5291306741676447,0.081903011793021396,-4.1459972864532801,1.0
-0.55790373835017903,-0.51362072183269891,0.21059241138388937,0.15017000534687694,1.2328087419825182,0.66778905348302331,0.015141480737919766,1.269191492298861,-0.27345655966882787,0.18834552796828921,1.0
0.10802853257482567,-0.61341902513004654,-0.13899388966599674,0.068573924921769128,0.49775165572387631,0.71390928532243092,-0.39305809844998696,1.2102578054171262,-0.17808733852540812,-0.090897139723682074,1.0
-1.2928612242404554,-0.21113591869535819,0.97702361242157321,0.29266523944818407,-0.3720359253369368,-0.62446775855907721,1.9029442142799147,-0.3367557496388206,-0.22164465709049672,1.8055624714965739,0.0
-0.45521534192535817,1.8828252546358588,-0.22080286535677529,1.7145877802615306,0.78227705993203367,1.5108654862673947,-2.8561003633043471,1.2602726997464271,1.3095425995353325,-3.7973185268644567,1.0
-0.55929038408730825,-0.16451327571926799,0.26835191234800104,-1.5916399985665985,0.083247232505502158,-1.3844570250891399,1.6612079128624941,-1.7788683220269341,-1.2621412424531899,1.7410633955315487,0.0
0.98898573187828465,-2.1517849150747637,-1.1529610295600394,-1.5084214394416873,0.82104958935908945,-0.44495652636094657,0.39132544768092603,-0.28100651982287117,1.7326409918629186,1.7391769082835142,0.0
-0.74984366429839455,1.5217558593978797,1.3495108132087879,-0.69070231863577736,-1.2744847426712751,1.021847042141397,-0.23619207400068831,1.4626626170760686,-0.054421725158379682,-1.3462662483928933,1.0
-0.66995027798348328,-1.0545772141158958,-0.46657705819012896,-0.5148430291876831,-0.74523172109018909,-1.2022898942797049,1.1804108344689141,-1.4954490531543412,1.0672884079671443,1.8619109364701736,0.0
-0.61282157792386061,-1.2688944504727577,-1.0122676282755778,-0.089130316595065845,0.63199468204638221,0.69297368048917818,-1.0228053967764386,1.0393245319040132,0.020639211054413315,-0.19278013217058154,1.0
1.9358793672728021,-0.22653471457666696,-0.54703466019481761,-0.31773922020809275,-1.4514193771373867,0.34437258835733936,-0.83156894029300976,0.32582489915774571,0.18494595165964314,-0.60736304806379737,1.0
0.12553580008608173,-0.85862370948149103,-1.2256067254906651,1.5877954412281623,-0.59039051449112823,0.84837836672063338,-1.6972574012290145,0.98709569045931211,0.29827927450939051,-1.0258107996811194,1.0
0.79519305013944375,-1.9729266901981366,-1.4545965393193192,0.18184565551263754,-0.37904686490030937,-0.19762824435092041,-0.31976686836818413,-0.14694709802964012,-1.1118376582579546,0.99983844115709908,1.0
0.10763028646281371,-0.66092955110686746,-0.013346213657593919,0.74832759175545216,0.015537516415573579,0.94367647963298384,-0.40774479150469622,1.6180413012597041,-0.0014285449140212928,-0.12196885305339253,1.0
0.65632246874368105,-1.4710003285599917,-2.2061278408444687,0.021380630857306647,0.38360036447137025,1.2485012527566637,-2.8594402690889691,1.3478660166377412,-0.31660241611766876,-1.6749972320405198,1.0
0.48996894680453695,2.268952540676306,1.3915649247981454,-0.35909539767110477,-0.86088918200271725,1.4283752786813955,-1.0387110067030745,1.7490955276280942,-1.4285395264982541,-2.5440784182143021,1.0
-1.3131007041677092,1.7166336320098718,0.72181030547679303,2.2821420140607263,-0.35304232348692316,1.1266349664925193,-1.2372312083023389,1.2311027260027005,1.9625420230192787,-2.3005973724969326,1.0
-0.28355916322523478,-1.9682190701893953,-2.061495923931556,0.12718599091948035,0.47239244962257704,0.72622765232403586,-1.8895194304408558,0.88025788178263575,0.2911436187640557,-0.47124488191165348,1.0
1.5531462599893151,1.4879403854282307,0.20782121200123571,-2.3753021635590352,0.073282559639804748,1.2560895544084909,-1.8371587256742647,1.2668572100395146,-0.54784592785158948,-2.6733945230369014,1.0
-0.44425671615114287,1.6240090859648795,3.0387819632712385,-0.24457558009239788,-0.74970620988287406,1.0332560797968022,1.7827777583858997,2.2413885210629299,1.6798520938783492,0.22584897259121317,0.0
1.358057590327542,1.8390843265332371,1.873088801365669,1.5415272280756358,-1.0870530701576235,-2.2224113809007333,3.0585434883984814,-3.0512093002110912,2.2855512633785104,1.8148295032966857,0.0
2.1721227754998349,1.6717447292721523,0.44634844265705675,-0.18074655082074445,1.0172796817474996,1.2926901778040707,-1.6955030077212228,1.3556194154629411,1.0179457218179699,-2.6796444977812213,1.0
0.0028241828334264179,0.55751820348293979,0.37143261950969264,2.5909032254654938,0.25222135911600302,0.72448541469769234,-0.54739171880198012,0.97692297909896175,0.44912491493175655,-0.94090684050251983,1.0
2.8270746454816074,1.2831265388043118,0.064617086909837029,1.2002509315960315,0.60246291054473189,1.0156357820095321,-1.667068025992184,0.94142550460998364,0.40513259433680238,-2.3583054691102761,1.0
-0.70109769718432779,0.43189092825056075,-0.99932612936462584,0.074105728180495739,0.7698023616693318,1.2584142746569624,-2.6354673161300015,1.1381789815200363,0.79476441423606037,-2.6697106823531245,1.0
0.71182785364545242,0.55829322867375608,1.9498392987606663,-1.9980511902349614,-1.5710361866220912,0.16958011280965524,1.8999408562399325,0.93716579657985766,-0.078255079344848918,1.1607701555706564,0.0
-0.19896777860274895,-0.48997514093096317,0.89466043548426333,-0.58395134032547746,2.814494923893279,-0.66589587496432423,2.0225916538550957,-0.31804011727598036,-0.1534648648619949,2.0834256497225581,0.0
-0.06530029117289006,2.746816432371245,2.3838939062866422,-0.67249759783094576,0.1505369396466574,1.7477652093016793,-0.40578199433810225,2.4773411494548072,-1.8364096876080593,-2.3929794856842137,0.0
0.41464916193163498,-0.7786485389504294,0.54280103800241308,-0.81803722057541584,0.57564519077314835,-0.28309497212302731,1.4408013533157944,0.18178064708260178,0.064071900507926133,1.7089010570384287,0.0
-1.1097222424705631,1.7544962982217822,3.790626214925199,-0.090917732150212496,-0.10471399399510502,1.1905480398971156,2.4908642825606484,2.7695272156995392,1.1113726373102275,0.6864794760108397,0.0
1.0788348566272623,-1.253781512543203,-1.0689179299620875,-0.13755288039561606,1.1313135959124918,-1.2959764617169123,0.64761935315736441,-1.8326709985717691,-2.564876338985957,1.5724513833214022,0.0
0.027500588117142882,-1.8130354513302072,-0.84303591827957469,-0.82416276019146173,-1.452583949146423,0.29043156693587496,-0.096539850908377245,0.77403306069903643,-0.42842031097508848,0.97925677418717127,1.0
-1.1190052390442584,-0.99479456235266539,-0.56290028383598378,-1.5578757634028386,-0.21289352005679546,-1.2704206557641617,1.0810567476885169,-1.6637175151676353,-1.2777485713739927,1.7588054155282804,0.0
0.070141651828734816,-0.19186252474375887,-0.092351922904224004,-1.655091990488001,-0.16069757991697795,1.2492811148384972,-1.0867533051823544,1.8195303149278002,-1.3732971720230882,-1.0266695320802501,1.0
-0.300988497669612,0.45822263979989519,0.034648965982498114,0.7729421259517576,0.35514860342587273,0.68644287021132822,-0.86594744906549592,0.80376450204805627,1.7170648652706766,-1.1299905991673167,1.0
-1.3395306137474809,0.93882232648817343,0.76203281638025089,0.31421014771385541,1.7171163141311463,0.84787948667636182,-0.42469203048930582,1.1791123477806678,-1.0012862122201072,-1.1027236221035102,1.0
-0.30909946862759002,1.1872800258618248,0.50579676363951465,0.90164543749541448,0.17356990872051756,1.0178011617319314,-1.0575710761483279,1.1951104603769984,-0.80304675265411785,-1.8052403950420723,1.0
-0.49314426563526326,-0.80472363566059724,-0.17686772307770171,-0.5588569841012444,-0.4401629627061901,-0.85281088887290202,1.0662657698936986,-0.96348349210390005,1.7074186390965871,1.5414029539534426,0.0
0.38356428845194074,-1.992202896059619,-1.9505306807473737,1.7265709529293767,-1.1163079322731795,1.0382199886375996,-2.0104569866015352,1.3885123903837076,-0.29629838873701225,-0.62036571532122564,1.0
-1.4447732514211911,0.26073814678602369,0.28827593812805946,-0.043991605626612987,-0.29361855360476241,0.79295177540749695,-0.51353499107667955,1.1596372187984023,-1.2625210377118423,-0.74474511371135677,1.0
0.72535553904258432,1.0882706098574908,0.60435675282526624,2.289984312789191,-0.83053548459478121,0.80575546858034619,-0.68272639840093219,0.98105105037757512,-0.42088556442840508,-1.3953582035559766,1.0
0.15143469021720765,-0.34665089193539012,-0.38663336627854894,0.092808963395068042,-0.12500209008264174,0.2567409801259759,-0.47543783274463858,0.32767840820461325,-1.119369442540997,-0.22588454744765768,1.0
0.12789750151611071,0.35856063287868933,0.82477953735562792,0.4784181971642934,0.9061841060736221,0.384170340722986,0.44724897004712627,0.79092486785910099,1.6262942082173348,0.060445566840954479,1.0
1.0555961528899227,0.84585696054930404,0.60131963715154235,-0.64274306154023686,-1.1095458730499439,0.7307399443079059,-0.45926261696379655,0.97435217563043086,-0.84491286928964937,-1.0486796513016419,1.0
1.1606944727170729,-1.4526848777899608,-1.4917739783073933,0.6180288194792084,1.4501367612193194,0.61790979453490946,-1.4297566683899894,0.78077069228708496,0.1098307522216205,-0.39360956817542636,1.0
-0.86738284258548359,-2.6605334969806416,-2.0900606490023526,1.1416096804465325,1.9259061582112962,-0.03222446593445244,-0.79696542560857564,0.074938726293962366,1.9896710928086754,1.0022036497348763,1.0
0.28236334034457228,-1.3754074373282554,-1.8231466306225601,-0.59442814798739063,0.21119251361679292,0.38633587332792618,-1.6886546925044794,0.2598239484708571,1.1635633345409826,-0.60243569427290578,1.0
0.45126038079655828,-0.73044994677159147,0.85005583864409395,0.40333966038846819,2.4385610874071406,0.036263053230393472,1.5090479054450354,0.76381584779561407,0.93655854113438242,1.6671324852405407,0.0
-1.9911081738003715,-2.4189062798692733,-1.7263926945407673,1.4768073620502566,0.39090661781756186,1.1684985974801323,-1.56314850294866,1.8605199293511496,0.65903533698210404,-0.021710498370877573,1.0
0.87248098879352021,-0.32060299362315159,-0.65719921960224803,0.31124242353625309,2.3573148642563333,0.33251274047406476,-0.89533038939015896,0.29588353124792988,-1.2757564403570445,-0.59852850508529798,1.0
1.218050372695954,1.1090760070392629,2.7212779194748506,-0.082700936728574204,-0.56790395448800179,-0.31599650056570244,2.9187556317321328,0.38062079467261745,1.3824967334991118,1.74970791372832,0.0
-0.24686350786673814,2.0778580137588083,4.759806577155075,-0.2794314973686598,-1.0736888017243136,1.5108294515594065,3.1970136664864923,3.5528982511194216,0.75651248229053591,0.99212533104427525,0.0
-0.22699662535437329,-1.9930767110054046,-0.88218883047299945,-0.8012324708069074,-0.91169125779394455,0.44790647496051184,-0.16403823989102395,1.0557309768632328,-0.79977330200805086,1.0023872066528456,1.0
0.10725708820444456,-0.34247457302711071,0.48325099765096713,-0.034585169023335458,0.14185672155881263,-0.79677325249953701,1.5290019350940391,-0.76292425430944777,-0.35174126903849967,1.6196556538259295,0.0
0.51511663631543936,-0.95727910647527081,-1.0408667945393315,-0.6370210693721704,1.5519318030620894,0.60248899136218248,-1.1858756791513472,0.76567346098611011,-0.71098082887469227,-0.49825873147863353,1.0
-0.55312458037777656,0.61971176085046686,0.1274937278684114,-1.1554226909212038,0.47424244573632435,0.72736041493399273,-0.89409828416447523,0.83860347986442929,0.51321940635215302,-1.2611137119252662,1.0
1.6402377137701418,-2.5632719997082813,-2.3176476558330292,0.56194783406326632,0.3657802075738037,-0.28605919869195584,-0.92072080684080848,-0.43669034002486251,0.8409063659116438,0.89535865922003099,1.0
-0.79015233526677375,-1.2291687719334941,-0.51000006280040711,0.32475449247152355,-0.34275165538586266,-1.0041495610310243,1.0681914780409627,-1.1600379116445105,0.045233165988887963,1.8368243740835741,0.0
0.91767308846263196,-2.4383316199175051,-2.5090676496174682,-0.91002081422678816,0.52860924815930244,0.52611082115894547,-1.956349681076655,0.57870606160493931,2.0468667277718167,-0.19311931095810286,1.0
0.57605792069172856,-1.767182175561711,-1.1601411822706547,0.25424342689265467,2.2186040098006776,1.1936948276458557,-1.3157850707906005,1.8927315165080369,0.016149806107403436,-0.22857009599594003,1.0
-0.17259901041820688,1.0394584323769529,1.8036821525310225,-0.24777751041150631,0.90637387806839975,0.49124498538615913,1.1153903209125711,1.1244793551273908,1.8873465605602044,0.15960797929530901,0.0
1.5062053345867012,1.2503365653310408,0.85666796913926013,-1.1205798092884993,0.7813865865564632,0.88865729522155867,-0.55026125726391939,1.1515962382907603,-1.5997819740296226,-1.4054168969710275,1.0
0.50222044037282276,-0.8733278622942664,1.0486340581236686,0.72016023224415227,1.6981090048997789,0.69258418292517365,1.2728330038396489,1.8552035191450269,-0.28018825777639822,1.4252292397518271,0.0
-0.54381872846072044,0.52762462533632037,-0.36125498023290925,0.1372457699732999,0.41245644152708788,0.77029022735061825,-1.4773691756804339,0.7055297763802254,0.49374115968359483,-1.6864454423715021,1.0
-1.2625897780184205,-0.33290488424974241,1.2256959598089479,1.2738513434175425,1.5274619695609177,-0.54858190656951678,2.2258130559357978,-0.058750470438251323,-1.8154715849661864,2.1265809920534946,0.0
1.1561892729531154,0.28929128158888706,-0.3552910173711113,-0.0060925875686813017,-0.0073458509304627608,0.53660760447452593,-1.1057763395221669,0.47495817443363209,1.9274254836806921,-1.1886577469873454,1.0
0.34835440402235923,1.3815141239882345,1.310084512685709,0.40153524756930636,0.1436754321968105,0.66816491323978389,0.1194566592261912,0.99798894319178066,-1.0205398294587418,-0.8966257757724001,0.0
-0.62405623557404521,1.6916155452317814,3.4111999865187155,-1.999165263336415,0.8506365091741529,1.0892595962861089,2.1508311964478826,2.4704794174970046,1.304315442785273,0.4708472976988296,0.0
0.007995016419002559,2.3060865908766548,2.9067938405645912,-0.43448543228842307,-1.2771751604177166,1.4796664494209308,0.77240444238084249,2.5291133431509589,-0.2703149670247228,-1.1087867944963781,0.0
0.57285044620661141,1.6069409237613204,1.4931123113696891,-0.42835139210848261,1.4971023559127621,0.84978255538186054,0.036885858698279095,1.24977878117209,-0.25854617362247778,-1.1410325100178955,0.0
1.2414119300589364,1.585275757455364,-0.18924811178839085,-0.54599659313079751,0.17074914461184196,1.5116369558249132,-2.6197434378482267,1.4013862221382258,1.0693320104396871,-3.4221474809786634,1.0
0.79113974410692978,-0.82087569270462879,0.11961524130837375,-0.15916412497806304,0.49042258346284068,-0.40949458636608538,1.0548166475141876,-0.182643376264775,-1.2547456738261136,1.4485493239345233,0.0
1.3650395158486983,-1.5101919185914032,-1.73773160097881,-1.465988298786373,1.5041525633149395,0.9891024785835536,-2.0235868369465626,1.2174267234551972,0.87806438146953592,-0.91810546257093928,1.0
0.7466140094372623,-1.3871448491577079,-0.42089008390055016,-0.77729935665275784,0.36512486191163901,-1.0768294909389804,1.3478384683353486,-1.154933793758806,0.035560373212135912,2.1764742317918966,0.0
-1.9501819318183462,1.7538006924713911,1.9515527731080704,0.42378607293903503,-1.4766452378605834,1.0133118728583506,0.3643719749138068,1.6400579540787215,-0.61356259901164434,-1.000533685768952,0.0
-0.014149556722172574,1.883858054330843,1.0587362013189514,1.4462657987070089,0.023102559759668573,0.99945336967392917,-0.81822969910937893,1.1399907931915032,-0.65441770653985443,-2.0370992865383766,0.0
0.08025471507372213,-0.47439343686946867,-0.10562939478557642,0.73306474464907079,0.73451718815020184,-1.2511685958336736,1.2856947699490109,-1.6367932985752982,-0.99700937160323755,1.5995851363080891,0.0
-0.40925437387761221,0.3521964124592587,1.8744155179133348,0.16103652069190447,-0.69144328486417128,0.010353445411049267,2.0835239567493171,0.76051605923641152,-0.71333013777425314,1.470456897755251,0.0
-0.33132331698000583,-2.9602611013242188,-1.309032042496485,-1.892548539879489,-1.077615353141508,0.26766914551040849,0.10790765971538019,1.0011998248270189,0.13919591534545261,1.8578533253969349,0.0
1.8105468265035476,2.2183547953437461,1.1790586325799586,-0.9594023501834289,-1.0847147675244446,1.447198554893991,-1.2854326477188351,1.6958948768272615,-0.87682363295665633,-2.7169460910582348,1.0
1.1873690577342644,-0.60294046514566979,-0.44128699170752572,0.013786124579159471,0.53686780664925127,0.072053285415887014,-0.21028165196074189,0.14567361410389768,-0.31323672930962165,0.18631399047435449,1.0
2.9463215767128896,1.1217834501689856,1.4921147531055867,-0.5015274521403229,-0.80606947901753523,0.50768488670258605,0.6594040793204714,0.96482168373814026,-0.95849077697693541,-0.26452299090427356,0.0
0.050484391736944419,-1.1505241849926948,0.5997894490916108,-0.51124236622336638,-1.9684332386187728,-0.15645802155139071,1.6473616742264108,0.54587225503769732,0.47347365196060587,2.0792146708873513,0.0
-1.3161769255296689,-0.9298964578904203,-1.5031261685855017,0.42613946802984221,1.0735211033864589,1.4778963721085052,-2.5485076336442622,1.7831687187674543,1.1951808696283068,-1.8051135810045045,1.0
-2.5640516972511769,0.30181612629016719,0.051115273051208832,0.63389213306104553,-0.5365266805618143,0.46396637805935081,-0.54566149282542087,0.55978495138345852,1.6399536217299031,-0.7267409757807608,1.0
1.1228854899718408,-1.6248281036865451,-1.2017991055251385,-0.48979199598751294,-1.2870793769163631,-0.57321689977981571,0.093185630143472808,-0.70866202612656104,0.77498204976289353,1.1992220783896317,0.0
-0.35192328656094901,0.38564971110907587,-0.63443345381171667,0.86188009444036251,1.1568853117872453,0.73653026723534798,-1.6923562095578601,0.58673321904318243,2.0009386732712255,-1.7660884999627731,1.0
0.39745014914726917,-0.029681158984521838,0.2114913107342794,0.26038705277795426,-0.23831785918565271,0.23955057325412854,0.071408814055501146,0.45518559340678044,-1.2051149168788191,0.025695108398737648,1.0
-0.82906451289674055,-0.2608391583099432,-0.018735149239348457,0.57117064031971188,0.15346846768023967,0.2385893641248292,-0.059825321150546618,0.44113379009738918,-1.0649482337280778,0.06210106463467794,1.0
-2.1633132173965106,0.99208487723912575,2.0701784393499323,0.067496258079742036,2.3054097640667361,0.46291380950300792,1.5026520361988733,1.2309980209455518,0.0030795010167336415,0.50893529011844307,0.0
-1.0029995006985084,2.0231031442089131,3.7105172356635263,-0.99466767971788572,0.52319269064685348,1.3678902052250579,2.0566931822259185,2.8716249554192155,-0.13055734410307937,0.13113854063058139,0.0
-1.004959156948801,0.23723306777084019,0.17659758941577181,2.2104565368789624,1.1242499076344292,0.37449254777555685,-0.26818458993070704,0.51903759384315729,-0.15461902965162949,-0.44294163048522434,1.0
-1.5225180870922388,1.3874321091003905,2.2164637008659094,0.94180334866332394,1.1468692022632341,-1.5364968967828725,3.1813540186207296,-1.718869065157024,1.1653552561384466,2.0484418351846321,0.0
-0.74254876956173899,0.91242762043432135,0.6919130780111693,-2.2215033233300292,0.041007734593418547,0.81329433986360355,-0.46374051378093761,1.1074070470217563,0.60342186017313504,-1.1108111033001162,1.0
-0.026535390566897687,-0.61602369021011683,-0.78461531028921994,-1.2588359888187761,0.3746241660284389,-0.93257330469760946,0.25655648991862701,-1.446326996269951,0.40907203773040729,0.78501338590055281,0.0
-2.1390083983378387,-1.2582527871915521,-0.82594609278231634,-0.018943319281084194,-0.6882640355796581,0.46838329650695398,-0.60088955236995578,0.80315056069070989,-1.0781576037782477,0.19026251530808957,1.0
-0.31983796734377351,-0.60195912707694588,1.0317488466805771,1.4098565727956438,-0.70175051271231903,0.31600109480190508,1.4029090506277069,1.1957194843662249,-1.6210440221243501,1.4427270230198639,0.0
0.14336870666380253,0.7910615271809418,2.4099403718753134,-0.15752201784034159,-0.96203261321151823,0.36684208487863773,2.1426672229284942,1.3402992605970065,1.3508993773623605,1.1723866903773972,0.0
0.92280505372106003,1.342002644230365,-0.78910245308935623,-1.2052358137857475,0.12822368274409363,1.184866789369859,-2.9149684827781588,0.75120025561358184,-0.32338340765932916,-3.4425393226393872,1.0
0.73669189027194348,0.8263904805570137,1.8623573875804942,-0.15499217940628862,-0.95798848099309042,0.34183474347542092,1.4614344622127824,1.028701438485196,-0.50697735662454557,0.60330066918185099,0.0
-0.36569432734514223,1.615036586558926,1.6601898020948449,1.8409096150876529,1.1062932693966767,1.0849427154694913,0.031904549526138304,1.6616573834422304,0.12241384272344043,-1.199684916594425,1.0
-0.29428963898547555,-2.0292423355620124,-0.48912578795028466,-0.94437049475654866,-0.66464693136772379,0.26757440036642754,0.50668720283608837,1.0009488148505947,0.62902285007572423,1.6067911049114247,0.0
-1.4156250588483836,0.92131269931521254,0.016382081729432896,1.2662511770428606,-0.098219758093046214,0.76928263286399734,-1.2694904830347524,0.71879094167265489,1.3384589798638571,-1.7605668903129112,1.0
-1.4552049787160868,0.21805645243480676,1.1384732217760116,-1.670981224349158,0.42685392082232154,-0.14620039922823264,1.3969569057671662,0.24254645297057187,1.6045344250660518,1.0293796448595449,0.0
-0.97621299961382779,-1.2158390425941099,-0.97864246873086924,0.68339840038660737,-0.45960241566793547,0.64458826583819473,-0.97375315024368458,0.96401717988073699,0.13065297932767539,-0.17552513350503707,1.0
0.98689128762301714,-2.2415544054052647,-1.7144288161478776,1.0187439119317703,0.56493607956462555,0.32785334739540828,-0.92624401940778756,0.59196469339956226,-0.070641193377595807,0.56281555125751548,1.0
-0.19839624135922113,0.27929847446176193,1.7014807030566894,0.74892177937221638,0.068014098486237046,-0.6584622969254621,2.5060572908405145,-0.2458540652366813,-0.36279837525642888,1.9992798156252434,0.0
0.56866234896136025,-0.65593550732624895,-0.22332896443589978,-1.8039552993448131,-1.5287531834793067,-0.9073904370510586,0.95769319307393441,-1.1260205916885879,-0.15626666532100852,1.3730349531314827,0.0
-2.514352261421581,0.75316908976286934,1.2998094919277003,0.3257154223336049,-1.0369730331996543,0.59829824871100945,0.5860404217731372,1.1572756025299049,-0.049643398811230408,-0.11567289578057549,1.0
-0.50654434514808333,-2.0666388208957778,-2.1686380640037957,-0.38178873412710196,0.065477118063939951,-1.5978389699922979,0.08871396413947541,-2.4464075886974475,1.0223731264119096,1.6844236074524244,0.0
0.10302499236444879,0.14618139812904174,1.2836627940310108,-0.72278849328276329,-1.0594221882426871,0.22788397909516406,1.2956938569797916,0.87584994880563027,-0.085705021451791027,0.91267055371688055,1.0
-0.27603883809344099,-2.8086423906982301,-1.5747681622188143,0.67923744273525877,0.051469434514104045,0.13027378676970119,-0.20184863239102224,0.6147358058854373,1.1552227743368531,1.5420278962623608,0.0
0.78906450399056105,0.85054185908731939,0.95658550846858881,-0.30725291807833466,-1.2442864924540453,0.24955896393453181,0.40220379000030348,0.45501970071344977,0.43688424604117509,-0.25129580386007455,0.0
-1.3026750403366558,-0.62095428018915466,0.92311314873690631,-0.22419458049520785,-0.92749579545214877,-0.3368989306984661,1.8554069649218605,0.22008132560401106,-0.42853547284263283,1.9592328626281093,0.0
-1.9297997063620178,-2.8151873525619227,-1.9110658211366116,0.49475157387292812,-0.19866953729801631,0.024238297346150281,-0.52162685129586617,0.30581472374265406,-0.99732923264707829,1.3090610867705488,0.0
-0.45202745511807846,0.5449858778317398,-0.099754066120759766,-0.29228253167728363,0.23044307141706194,0.67922140126451847,-1.0841304039271999,0.69293927700315261,1.5443606684742852,-1.3589815177330862,1.0
-1.2083477512858738,1.2101988774642307,0.96222379353919463,-0.63474935315976089,0.0017573135900474436,0.51734711361531138,-0.065686196289856946,0.68884354567421435,-0.12843387027775124,-0.9092576489159544,0.0
0.42253759777115435,-0.28130641167323578,-0.74998565135224537,0.7301899419259873,1.7302717861499708,0.40244167545424681,-1.0981999447981179,0.33494473281740467,0.37194598041365073,-0.80208420390472357,0.0
1.3325712879711329,0.38582525274749713,1.0673896260515336,-0.77069208902509234,-0.12772990020642866,-0.00745880683481423,1.0750237196343992,0.33620738000587069,-0.86901094995629224,0.63544925279343822,0.0
0.5589144195785396,0.65555002943634644,0.29382147202332592,-0.25408679278574242,1.085576615504056,0.58612639778563047,-0.58713289116763923,0.7012813859660193,0.88909619346957691,-1.0044457695250815,1.0
0.3031716825520922,1.0240127857749692,1.0631228882639425,1.3964084413153521,-0.39493294243187038,0.40895359564295941,0.27879191624610045,0.66044567935088327,1.8163808356824387,-0.492078274353005,0.0
-0.49303661738580368,-0.88805612087745311,0.17447464980559957,0.3057119271465516,1.0191729943011465,-0.36400172583246371,1.127545509301199,-0.063345403569609271,0.97982005213457302,1.5394001992231852,1.0
-0.9051668261644682,0.13113040035357937,0.78178672069925337,0.29639113573010173,-0.87925801903318968,-1.5002150374732284,2.2038699748161887,-1.8234578543391993,-0.32696218992581522,2.0232059737263119,0.0
-0.4365077184193798,-1.125607506648556,-0.69784065433639109,0.44634208984550361,-1.5511268657472581,-1.2697638609300905,0.99995595881047339,-1.6721749113615454,-0.69679973760779479,1.7736102810084959,0.0
-0.7959697866330806,-1.9260483857909636,-1.5756845335762459,-0.91719506099826176,1.3547894845617843,0.69524396689604862,-1.2872170462207824,1.0499452183477469,0.031549209454630703,-0.0021929803808256043,1.0
-0.020803680973741846,-1.6373935904559036,-1.0380217419764004,0.12907348977448257,1.2945719604577952,1.1535770287804641,-1.2151825628186763,1.8391876058114573,-0.27379208814200989,-0.21859880083509442,1.0
0.82897344799378769,0.47696623018851669,0.69676626025959332,-0.24940072519591688,-2.1127008942985577,1.1224956312946168,-0.44032048821936254,1.7339044827800971,0.62007132689381106,-0.88832562166676965,1.0
1.3770143159203132,1.9176533293156992,2.0051915490005952,0.83407049088819751,-0.55829698258162308,1.1393067660485452,0.21108992736666687,1.7766349670331834,0.7388747982073397,-1.2525619188069035,0.0
1.4155086912409625,-0.38407786474063244,-0.74457559426135222,-0.26608178466308063,1.5323002257053802,-0.76242181280349752,0.0022428701376089322,-1.2818116034845244,-1.2244347411816792,0.39969915565776715,0.0
-0.21860215335501382,-0.78546237494076454,0.12075591453985168,0.95303391682353011,-0.40016008627870187,-0.6611494799788924,1.2542058448840279,-0.55613590804409818,-0.5781118776850257,1.6415199937472364,0.0
0.29480722068371124,-1.2481863055455638,-0.17701422090831997,0.36216668178445455,1.0022126196106955,-0.56425564364474512,1.1069739927316253,-0.36547540611107987,-0.29080421204153128,1.7872049469278166,0.0
-0.49935423012432933,0.54571821136718812,0.2989253934141376,0.81092471229510599,-0.28641231207975948,0.65254890117138342,-0.56623015823933387,0.8446416987959886,0.20318726306998713,-0.9337273988240018,1.0
2.6889714550277684,-0.37165604938631114,-0.88796038109138531,-0.69730552177718119,-1.3745615644656035,0.49528302124051571,-1.2911214623972467,0.43961265181512976,-0.85361880854481664,-0.92239932457831686,1.0
-1.2410395089430055,1.4104166213508333,1.5846319363839214,2.001062178611615,-0.10467087882238102,0.80802775075585254,0.31793573474323655,1.3163581480753768,0.37543826852757467,-0.78298114877214608,1.0
0.14973422719945331,-0.49780685758617527,-0.46346256047059409,1.7423284470072602,0.71043295345226598,-1.5304342806200233,1.1028883187822722,-2.1961321587710851,-0.055743772833950378,1.5246778953696916,0.0
1.7785460620521059,-0.28399763481620732,0.48349301304908221,0.56398270734662748,1.2191886322454162,-1.1277859516613038,1.7817943966434409,-1.2597916009457353,-0.83657769288056871,1.8584535183851625,0.0
1.766710602061573,-2.7612151630155104,-0.93613643591636941,-1.0219511363486553,0.84686257996013659,0.93395501615676191,-0.14805963168772407,2.0463128932836523,0.35696293302331078,1.3868219631913152,0.0
0.33466900307606684,1.1101990900504755,1.2702271128956342,1.5057987658823886,-0.1743357416187426,0.79274241638072607,0.14073747180113894,1.270733845051863,0.65406142855075922,-0.73821809168327679,1.0
-1.4318904409722724,0.88819080963518715,1.2035713041952754,0.33407043731009944,-0.87675804006691016,0.31660118388978808,0.62475374739282552,0.65264506558616631,-0.088630915310626529,-0.10816004368595411,0.0
1.094520830455225,-1.3540390865965879,-0.83447753162871297,-0.88601617899712881,1.0117409921532514,0.98368048163479749,-1.0013809628424239,1.5747471033866274,-0.037115831414736365,-0.18419466253816696,1.0
-0.41444249827180951,0.73091255154292278,0.40715684285208326,-0.44782570577726299,-0.096065629230405583,0.58766364910499458,-0.49790971516402205,0.72585828811950326,0.68979821579834633,-0.97890640384862215,1.0
-0.6912805125487691,-1.3288863227556107,-1.1209794175936096,0.31572449031533711,0.19447048757774577,1.769389309463441,-2.0653918553609447,2.5489560148390811,0.31532160501258172,-1.2285310131732228,1.0
-0.97592456746862,-3.4698914066342725,-2.8120233433595665,0.010911290284321504,0.23533145721422633,0.31886920336970648,-1.4640343077609193,0.57173682088315103,0.58013546857198128,0.88651676167868332,0.0
0.87074442057419887,2.6609780078574934,3.8586861211150034,-0.087760263555225773,0.42285388364170023,1.8024002941632675,1.4339674786728003,3.2944999177648198,1.7130959223551083,-0.85928043415722999,0.0
0.80750342104337414,1.0214073671323325,0.73367299420327592,-0.90055273234758426,0.10181490800954804,0.35331881112658176,-0.079471279237461889,0.42506693916217264,-0.19903106787857602,-0.76932605074543392,0.0
-0.056874392742433645,0.24094548586902165,0.4215602717670332,0.63587257157054933,0.45875061930166816,-0.21146971127822817,0.54923655552402506,-0.20201968916781232,1.3300128871840402,0.34142405437825357,0.0
-0.96406747879467669,2.2172687014283783,1.2853188619432427,-0.40360605775382774,-1.3075629000339988,1.520276066211482,-1.2171296358864918,1.8513089497500987,0.96040473167939711,-2.6762925271168854,1.0
0.30264176836828061,0.76586053664609111,-0.064485900399974483,1.0555257369501141,-0.0049680631516679187,0.91090867334436298,-1.3911728070546283,0.94765371016433286,-0.0056314633804277611,-1.7932162639120166,1.0
0.57028493762320698,-2.0129286560169115,-0.74026893069279809,0.66378187415172052,-0.2088580803486596,0.25712609263222502,0.19327478327963243,0.8594486311752767,-0.53183101927978815,1.3447136603258381,1.0
0.039716053355301643,-2.3147226965473191,-2.0767488541006278,-0.82950354286537198,-0.64513316186475722,-1.0664866214340982,-0.099976024560791243,-1.5400561443713825,0.81920980445172875,1.5723591637696102,0.0
-1.4040443623696495,0.16919349076693102,-0.058858267668089659,1.5599711177783537,0.67339384677387815,1.2520400030071888,-1.2876994388717469,1.6877960662784814,-0.45425931210061038,-1.4130535122762176,1.0
1.016403859867715,1.0969434291956501,0.58279949381642537,0.29043934429995127,0.75589159147623985,1.1539689096138752,-1.0217734674018932,1.4641026607642225,0.46097918895555212,-1.7491866229487054,1.0
1.1781531509658962,-2.7522845486597762,-3.5500109790101293,-0.18483017942753971,-0.15661091063944899,-1.7161323544970866,-1.0660089255406464,-2.9858638898931522,0.81040327844389148,1.1958829289395403,0.0
-1.2993047704708176,-1.6842180989295406,-0.85535507693232038,0.24084558279103649,0.1218678360143032,-1.2339798589934912,1.1443888017392143,-1.4615898276091337,0.24851546797899551,2.2279358071363706,0.0
0.8079838668868875,-1.9967949316525304,-0.51550244108108589,0.1899485664167595,-0.99324796244332048,0.10689109430707272,0.5938106243754262,0.74541768357188487,0.33154678449104058,1.6913372683573262,0.0
-0.9196294481505326,0.65666206582848274,1.2342575975109278,-0.047111133885439416,-1.7596755407076881,0.16745912338690702,0.94809329224189098,0.55165907474665499,-1.2305865487691761,0.3284522583920827,0.0
0.052372443491078551,-2.3029193668022496,-2.2576909993422749,-0.80092807109248965,-1.1365028041420455,0.72084742773687127,-1.9057644411886949,0.91961114221196927,1.0689057724674988,-0.27673992097651134,1.0
1.261283928766489,3.2002555890059252,3.7448598624894287,1.774858901206158,0.69705212401507444,2.1892031084734027,0.59356935885818973,3.5657862572318315,0.96516857414865476,-1.9553466165438524,0.0
0.080791834414346439,1.5418040738877345,2.1183871382155304,-0.32337831779552967,-0.32287470640265459,0.88581060381551491,0.82468346892710176,1.6266653572020044,-0.64033287027730923,-0.46944030317532004,0.0
0.26117003023900376,-1.7965672818723419,-0.79920928712033867,-1.3856260858341307,1.3087326738357554,-0.25804175044396088,0.4297147280180118,0.0052278862322583386,1.9119018154851128,1.5116704602061231,0.0
0.59726913525203063,1.3761229485951132,1.1283301134910453,0.18634549437152581,0.171957370736013,0.63791870637017478,-0.075958027859291954,0.87043120077434388,-1.0807289713053663,-1.0454216993730943,0.0
0.84561436275935897,-0.073987256043203331,-0.2143649523846845,-1.5280906345403162,-0.44342138864255448,0.31029674292609255,-0.49004853749435384,0.37172893331126655,-0.87438805714384149,-0.41729827480344034,1.0
-0.067598455013025638,1.6912224133792224,1.5068026090997537,0.55629739202171791,1.5341192125486065,1.0431203946073864,-0.17235313861621249,1.4968410598719055,0.71968821220128953,-1.403553003571973,1.0
0.43810007904355031,-2.5245680539509854,-2.0512031339483183,-0.38164305110102742,0.95886312685308894,1.0515422840809139,-1.793142797694075,1.5831175242658775,-0.91653911071324456,-0.11838190535105131,1.0
-1.2454878324140577,1.3030460543334352,2.2700128707560046,-0.31594904047908645,-0.52500280630739848,0.72017155890134443,1.3174825308112386,1.5628309292332676,0.5324410389901052,0.11256566540548674,0.0
-1.2750025347329401,-0.12371046256901352,0.15745568693112355,0.44499746742761259,-0.95082448855703838,0.48726395573849451,-0.15119443635414753,0.82245243487147102,-0.10357736707964352,-0.14910086789752774,1.0
-0.27040087699779519,-1.8358666498724685,-1.1672054519743533,-0.13924560037959208,-0.87509751069655528,-0.10875950024722118,-0.13237863628680202,0.059341288386455915,1.4207136684282773,1.0485012959521733,0.0
-0.65009551585094016,1.534916584134979,2.229368238496642,2.7436859218250746,0.62255858857851631,0.87692637830847475,0.97485250136596291,1.6697905341202604,0.25130991799064728,-0.34151062827037748,0.0
1.196527361343747,0.67379827334122555,-0.08979791249442215,1.2878673934365108,1.4583598968609486,-2.5279189845901326,1.6656968823894598,-3.9336602969601508,-1.5796788304852776,1.4686324707622729,0.0
-0.55935866905876452,2.3388631549341365,1.3159738709360767,0.31486771149750459,-0.53780806166617101,1.5288486952321767,-1.2674796807370652,1.8270905162481359,-2.549708410613353,-2.7939780847377573,1.0
0.88453439089986596,0.96792415097497131,-0.27226554356149757,1.5759580708731493,0.40592351052917347,1.0394483958255449,-1.8966213582720639,0.94717882103108242,-0.19212309000941738,-2.3550105072017598,1.0
0.65503996384560625,0.61040365901614302,0.85376760478535285,1.4375029347469455,-0.86001216843700945,0.54837655944892449,0.17121830429740759,0.93332942684581233,-0.56302332903257912,-0.35350811009042671,1.0
0.65516267481778856,-0.17138969301111495,1.2095314147450766,0.34128457843711163,0.10743636526528104,-0.68654740510320234,2.2197881424453731,-0.33119719959152061,-2.1648975671968249,2.0511307865143631,0.0
-0.80140991239316406,-2.9760736889334636,-2.4159741571286655,0.83382722499880646,0.2087875715870971,-0.63379555301487178,-0.46217548074272852,-0.80648700686152475,1.3405518178915441,1.5954050557372217,0.0
-0.6570932581468385,1.2640506569616623,-0.70714662908766357,-0.73455448188650752,1.5461492707816631,1.2713970927423053,-2.8375638037703155,0.94650969705468146,-0.083250130797449362,-3.3499070094916599,1.0
1.7591447627477137,-2.3295343271893545,-1.9662324549055805,-0.32285656583580696,0.052938639453025772,-0.47081612429116532,-0.47728139117520629,-0.63100103168209576,0.32164660907337472,1.149780613340603,0.0
-1.6102475299213221,-0.19978313139021653,-1.1675602518652091,-0.93472007208770247,-1.5481712242888084,0.045874689944535696,-1.3569030975078904,-0.40727415595907357,0.11897033874366042,-0.98700032066178633,1.0
1.4050356574219345,-3.3160655136619126,-2.1593421933022774,-0.52651661878876921,-0.97895521021752807,0.30237859612123197,-0.7415912991073883,0.79477248075167783,0.21593301465208961,1.3810556849739157,0.0
1.0709273268203683,-0.059938096155254694,0.53215680553790889,0.11010002858215345,-0.13744595302615176,-0.40953949978195847,1.0609631548279219,-0.30560858957333137,0.34433255321397133,0.98396322735344122,0.0
1.4546378284095327,2.0256443411355467,1.8433617647112717,-1.2014631129395728,0.50304764162294169,1.1745892416463573,-0.092670467004870583,1.7044799312336227,-0.47095179209082888,-1.5730339615280189,0.0
-1.0711452196201858,0.68253374165725855,1.2295805295127831,0.2360407332377791,0.16463039114574321,0.47933719216760839,0.65054852265053364,0.98367720927707192,-0.10900091600375524,0.0053399020311462042,1.0
1.2005416795166262,0.11273679446383766,0.92286693712560419,0.93448120724831774,0.1650247224339022,0.1999670620258989,0.89462723164668301,0.67803776095822166,0.081658373355223399,0.61388710086138887,1.0
-0.28394254970734578,0.072729996194596414,0.42227802499200467,0.35793532724712718,1.2386566436272617,0.29567509519712082,0.21556711603561629,0.59277108123960265,-0.0023034316310981853,0.067584144155503498,1.0
0.71299424582303206,2.4849396388725697,2.7739648710806564,1.2041501691070666,0.10753350993097006,1.5868713640185748,0.39421218639331246,2.5436715409128792,-0.17365267113199964,-1.5485362680867567,0.0
-0.47229155499010872,0.83319833319635028,2.3013628972129911,-0.092096489661588996,0.2921257558845301,0.41076264848326838,1.9412006534563702,1.3335196749280296,-0.19896849973367653,0.97370371804274958,0.0
0.88682489559616851,-0.72269091929645035,-0.12327451619780172,-0.31884429537186065,-0.95781371311298147,-0.096771519788100391,0.41273127188972181,0.10663797311162238,-1.1874708471014985,0.80117039772950727,1.0
0.90303898798088089,2.0104137263633719,3.0131081199453966,-0.11149177426695281,-1.462687049059807,1.2865369327070302,1.2710014150619193,2.4283451295602094,-0.42301040143916269,-0.48115522293194757,0.0
0.62582419880454587,-0.6007247174642496,-0.01223754567111085,0.82707226501591558,-1.4165721860393745,0.94933659772021339,-0.45138601808137979,1.6013625149030684,0.73464112014917005,-0.19571419706617818,1.0
0.57075080708190762,0.18921094273921213,-0.33889130510479692,-0.06289951216742326,1.0669394290811196,0.95685765274084578,-1.388797083958718,1.124592788266632,-1.0464417226953768,-1.4451285626538199,1.0
-1.1591925627986057,0.9960606543396906,-0.63695729701374926,-1.1163306137277513,0.48098192419902741,0.97457788486471109,-2.3109456602431377,0.66890531835998979,1.9332770047672008,-2.6947529554218876,1.0
-0.27827942178031118,-1.6540945713544002,-0.79117788638037556,-0.98140662883929186,-0.17363203803594315,-0.34900101517404236,0.42501098418456795,-0.18059781878590653,-1.5621771875751405,1.4391253867808862,1.0
0.18399776740799134,-1.8153133509123394,-1.8879230735747041,0.11012096537705901,0.11180348984699164,0.64434018004673899,-1.7036484244934076,0.78192237068218617,1.2134268636196071,-0.39756359660210183,1.0
2.1464520433135661,-1.2450283683244034,-0.79808867715454734,0.38041555924188475,0.2603117993794461,-0.075638521151527305,-0.096220121519361435,0.034447344118133216,0.29506990643843478,0.70623062025809125,1.0
2.3529771574723788,-3.0668779748749491,-1.335092511686085,2.6204048793235248,-0.59598994268269778,0.025208465845802885,0.35988432572149387,0.6875121728303295,1.2836335155125624,2.1791868395080587,1.0
0.81933731852230507,0.57078151970777791,2.6302755711703698,-0.60334214897232086,-0.10980018256974496,0.550640749074917,2.4008756054647105,1.8001818029307222,0.50167272643436311,1.4789815724923829,0.0
-0.86634918650969539,0.62666110718343071,0.3834928201297777,0.39441581306970419,-0.71199878480169398,0.040443497822672307,0.023737238461602583,-0.022634467002450087,-1.812743200775639,-0.37599734212780173,0.0
0.023989038779832147,2.2222891045069382,2.8282100907876542,-0.54013301205862285,0.79310590266452485,1.4058799787382661,0.79552824528962629,2.42153303641786,-1.435736813493663,-1.0227504117668442,0.0
-0.61840494593822104,1.7666923503762049,2.1231462239859606,0.90960996546487261,0.42701846289311801,-1.6571783611978033,2.9195429004909381,-2.0948829319455582,-0.43876872834527347,1.6274996430355686,0.0
-0.085507405165696992,1.653471575108008,0.76225261995615945,-0.20296305122724695,0.04190818233871238,1.1637899456363567,-1.1777319010774336,1.3299395616006031,-0.20427049468031691,-2.2211978083034345,1.0
1.1440132164067289,0.43157794603210031,0.04970520793689906,-2.0219331147830046,-0.70312425212807039,0.1379247031497815,-0.34669880983034806,0.039285582771102168,-0.44580135713863089,-0.57664477979372664,1.0
0.079922585005056807,0.35890668812602833,0.21762994922003503,-0.29359401256208778,1.0700097808195954,-0.13271493727826622,0.14831681385834017,-0.2363903821473059,-2.2308976329949668,-0.073180572118610648,0.0
-0.016957562262244603,-1.2833453006037017,-0.2891933339387856,-2.0214041989033622,1.430949655360696,1.1192639715574859,-0.49084106189587862,1.998535118448455,0.48669765773781282,0.15768139656223779,1.0
-1.5541877125560066,-1.4350557367656842,-1.3859571564216657,-1.2350273397198166,1.3672364587725887,-1.2486965387796669,0.33298186192011348,-1.8402130219802961,0.16773431234204192,1.4191334624172711,0.0
-0.43495289681851135,-0.029664545192990666,1.0226725574689306,1.144423724804019,-0.024668085450027053,-0.3470655557557133,1.5947495025914633,0.0047015035436175356,1.4523782164357422,1.3850638507208832,0.0
1.9272977415575154,0.82528039954061705,1.2160908703327271,-1.6021524599495758,-0.128158416100253,0.59346718188607595,0.43841461640015833,1.0801802967523106,0.4710279929847746,-0.27889612314814954,1.0
1.1452204251761533,1.1803295012062747,2.4144877039983701,1.4747804806465097,1.0902711951475297,0.63287955693507492,1.6552732786963107,1.5586680542059266,-1.4401741911764943,0.48070102259416281,0.0
-0.61118782624706935,-0.079520900337075262,0.72644187996126453,0.25604148912450553,1.0273832871212276,-0.96951583805198727,1.8080911324139839,-1.0039562479953947,-0.29121908283362585,1.7202057778441344,0.0
-1.3635657387463012,-1.4790317572885758,-0.10078275341367332,-0.81700588676351793,2.6253675317683673,0.31619434494623755,0.58008611744013727,1.0244047951743944,1.1403449537451642,1.3165284075832935,1.0
-0.3641805728046888,-2.5467725250131057,-2.224914664674384,-0.45187473001140183,-0.57175992363296135,0.30538382034214911,-1.3372019653237663,0.44470236369000538,-0.35639433798249265,0.42257349732906446,1.0
0.0051679831899457719,-0.078493475168940785,-1.6083065254747284,-0.15446256708870318,0.12219829034312801,-3.0560696945597945,0.74583841914196225,-5.0954579418667141,0.47623881205006818,1.2981976510532176,0.0
1.2093396348814136,1.7280168776990883,-0.14499557374650429,0.74144429868186101,0.24981976694808769,1.3172945229271424,-2.4886575212105471,1.0851678650738725,-0.14478952617433041,-3.3629040377341695,1.0
-0.28515935631449701,0.24283582032849771,-0.24363100056936648,-1.7663954824890562,-0.077728292317679207,0.45271170008945594,-0.86242257168874581,0.42796821229101645,-0.86677965922815325,-0.94489988066584529,1.0
-0.058254131059543281,-1.3943149404674542,-0.33805056401516642,-0.79899850068134404,0.20359450079915817,-1.0284205964717064,1.4128283390902026,-1.0433378794453778,-0.39790447094022224,2.2233997253710189,0.0
-2.4775215088467597,-0.012716681872608993,1.2197747546920477,0.52769265927730602,-0.95235735061904514,-0.30083720232656674,1.7874630037968271,0.15753265358268953,-0.43819674818607651,1.5211650133580159,0.0
-0.94401275704191101,0.33937649856257579,0.45340206734346544,-0.13811128419668336,0.56750914696682875,0.4914076272168626,-0.095407490376619553,0.77497117643775804,0.33762874496492895,-0.39050024811489115,1.0
-0.41691873739387708,1.5220448690266859,0.60739989279230566,-0.88228183937230364,-1.0570154733865935,1.1498121461726623,-1.2702608505756652,1.2913598265332948,-0.019653408839439522,-2.2121960474227449,1.0
-0.90427576940636589,0.13572416780198637,0.20889670904941679,0.19622968469691865,1.7655255671059984,0.56345100305275375,-0.32692098194211638,0.84675202180976816,-2.0321002739658813,-0.46780983725623249,1.0
1.2258347192266663,-0.89253174688641312,-0.74867194497910694,-1.6748927275453238,-0.52340610195317627,-2.035325898136275,1.45576014712403,-2.8869132236769506,0.19235744655929893,2.1610131582296987,0.0
-1.3859777139021994,0.6128433195325047,1.61190179472649,-0.50573445044844589,-0.22154311261416726,0.16782790984062856,1.4457032205211247,0.75063710611397338,0.77457229070255373,0.75903598100461789,0.0
-1.0366049705639742,-0.33124305390348807,0.15755034865793638,1.7957576317970139,-1.0157085295705621,-1.0836481394468711,1.3697436539435413,-1.3323538640897101,-1.1274545971560701,1.5440745327318757,0.0
-0.33633170981623878,-0.2003497174768476,-0.23890205776102041,-0.018680126534363545,-1.0528080132030149,0.61234697449939546,-0.7023629795603219,0.84418914846960791,0.4948315632923847,-0.57526018563752301,1.0
1.3148431863746459,1.837303307079948,0.50708627369067738,-0.23760749513318988,0.9275985454567659,1.3642334922370298,-1.7931752347451737,1.4171509853988686,0.31336709773577276,-2.8761306757766967,1.0
1.9262666274099849,-0.83854597632056338,-0.95725910026314143,-0.38131986100564597,-0.069347867383725961,-1.7084919332986426,0.87322719156149131,-2.5425751919177104,0.20156442957141552,1.5862366480104346,0.0
